-89.78 15.14 16 -0.35 -0.78 1.12 0.38 -0.47 1.67 27 X Y 020476A 2.1E+27 7.5
-78.29 7.19 15 0.44 0.55 -0.99 0.13 -0.66 -1.30 26 X Y 071176A 1.5E+26 6.7
-78.11 7.32 15 2.91 0.89 -3.80 2.38 -2.72 -8.31 26 X Y 071176B 9.2E+26 7.3
-73.18 7.17 158 0.92 0.76 -1.68 1.38 -0.65 1.43 24 X Y 032377A 2.3E+24 5.5
-93.12 16.56 210 1.13 -1.26 0.13 -0.06 -1.28 -1.56 24 X Y 040277B 2.2E+24 5.5
-70.42 18.87 70 -0.25 -1.04 1.29 -0.16 0.26 -0.48 24 X Y 060677A 1.4E+24 5.4
-82.66 5.61 15 -0.05 0.07 -0.02 0.00 0.00 8.70 24 X Y 070677B 8.7E+24 5.9
-82.88 8.84 22 9.59 -5.60 -3.98 6.00 -1.12 5.19 24 X Y 080777B 1.2E+25 6.0
-77.78 6.93 15 0.44 -0.25 -0.19 0.02 -1.32 0.43 24 X Y 080877A 1.5E+24 5.4
-61.88 10.62 106 -1.65 2.05 -0.39 1.60 1.19 -3.04 24 X Y 081477A 4.2E+24 5.7
-86.65 16.61 40 0.08 -1.14 1.06 -0.82 0.13 0.85 25 X Y 082077A 1.4E+25 6.1
-86.95 16.71 38 -0.05 -2.60 2.65 -2.30 0.12 1.76 25 X Y 082077B 3.3E+25 6.3
-75.97 7.40 15 -0.33 -0.51 0.84 -0.87 -7.13 -2.02 25 X Y 083177A 7.5E+25 6.6
-88.22 12.27 42 3.51 -3.30 -0.21 0.28 -0.15 1.90 24 X Y 090377B 3.5E+24 5.7
-92.16 13.46 15 1.04 -1.35 0.31 0.65 -1.51 0.62 24 X Y 091077B 2.2E+24 5.5
-85.67 10.87 47 0.88 -2.43 1.56 3.55 -3.70 0.98 24 X Y 093077A 5.4E+24 5.8
-61.99 10.16 21 -3.38 2.08 1.30 0.13 4.67 -7.21 23 X Y 100477A 9.7E+23 5.3
-73.17 7.58 169 -3.87 1.03 2.84 3.77 -7.32 0.78 23 X Y 102277B 7.9E+23 5.2
-69.61 10.00 18 2.00 -0.38 -1.62 0.15 0.45 0.12 24 X Y 121177A 2.1E+24 5.5
-83.48 9.30 66 -0.67 0.60 0.07 1.45 -0.26 0.82 24 X Y 010478B 1.7E+24 5.5
-72.75 6.54 15 -0.32 0.73 -0.41 -0.27 1.42 0.64 24 X Y 012178A 1.2E+24 5.4
-78.24 5.84 15 -3.06 2.79 0.27 -0.84 -0.86 2.12 24 X Y 021678A 4.2E+24 5.7
-91.72 13.72 46 2.23 -3.04 0.81 1.18 -0.85 1.70 24 X Y 021978B 2.7E+24 5.6
-91.75 13.46 73 -1.63 1.07 0.56 1.37 -2.48 -1.44 25 X Y 022278A 3.7E+25 6.3
-78.28 10.20 15 -1.36 -0.69 2.05 -2.26 0.45 1.59 25 X Y 040478C 2.9E+25 6.3
-72.81 12.41 62 -0.83 3.49 -2.66 -5.83 -1.44 -0.77 23 X Y 042878A 7.6E+23 5.2
-92.66 13.77 41 1.26 -1.16 -0.10 1.42 -0.33 0.30 24 X Y 051178C 1.9E+24 5.5
-62.00 17.77 31 0.55 -0.43 -0.12 -0.06 2.20 0.76 24 X Y 052978B 2.5E+24 5.6
-87.19 12.43 40 0.27 -0.68 0.41 5.64 -4.38 0.21 25 X Y 053178A 7.1E+25 6.5
-82.78 5.80 15 -0.09 -0.02 0.10 0.64 0.50 1.91 25 X Y 061578C 2.2E+25 6.2
-78.59 9.55 59 -3.76 1.55 2.21 -3.38 -2.26 2.84 24 X Y 070178A 6.3E+24 5.8
-86.77 12.02 90 3.59 -1.71 -1.87 4.55 -0.16 -6.10 24 X Y 072078A 7.6E+24 5.9
-78.00 7.29 15 1.54 -1.00 -0.55 -1.55 0.35 -1.41 24 X Y 080278C 2.6E+24 5.6
-72.03 7.31 51 5.26 0.85 -6.11 -0.68 2.17 2.69 23 X Y 080878B 5.7E+23 5.1
-91.55 13.49 71 -1.08 1.23 -0.15 0.93 -1.36 -1.47 25 X Y 081878A 2.8E+25 6.3
-85.15 10.26 36 1.03 -0.73 -0.31 2.73 -1.55 0.53 26 X Y 082378A 3.3E+26 7.0
-91.58 13.45 71 -1.09 0.82 0.26 0.33 -0.96 -0.83 25 X Y 091078B 1.7E+25 6.1
-91.69 13.54 25 2.27 -1.70 -0.57 1.86 -1.26 1.10 25 X Y 103078A 3.2E+25 6.3
-76.60 20.18 15 4.11 0.21 -4.31 -2.97 3.54 0.69 23 X Y 111378A 6.5E+23 5.2
-90.32 13.07 29 1.45 -0.89 -0.56 0.92 -0.29 0.92 25 X Y 120678B 1.8E+25 6.1
-88.91 12.83 46 -2.15 1.37 0.78 -0.67 1.55 -1.39 24 X Y 121878B 3.0E+24 5.6
-88.02 11.58 25 1.89 -1.80 -0.09 3.67 -3.35 1.32 24 X Y 121978B 5.2E+24 5.8
-93.42 16.85 162 -0.01 -3.27 3.29 5.39 -4.92 -1.25 24 X Y 011079A 8.5E+24 5.9
-91.43 13.47 64 -0.79 1.06 -0.27 0.50 -1.01 -1.04 25 X Y 011279A 2.0E+25 6.2
-73.21 6.85 157 -1.26 1.42 -0.16 -1.46 -4.62 0.04 23 X Y 011479D 4.3E+23 5.1
-64.64 19.10 22 1.60 -2.83 1.23 -6.74 7.11 2.37 23 X Y 012279A 9.6E+23 5.3
-73.32 7.03 158 0.68 -3.01 2.34 -1.02 -3.59 -0.64 24 X Y 031179A 5.2E+24 5.8
-68.69 18.87 93 3.88 -0.81 -3.08 -1.82 -0.58 -0.10 23 X Y 031579C 4.5E+23 5.1
-68.97 17.89 73 4.99 -7.05 2.06 -9.78 1.01 2.35 25 X Y 032379C 1.0E+26 6.6
-71.56 9.09 22 0.37 0.92 -1.30 0.06 0.95 0.58 24 X Y 050579B 1.2E+24 5.4
-86.69 12.35 172 2.73 -1.00 -1.73 0.82 -2.84 1.29 24 X Y 051379C 4.1E+24 5.7
-74.07 7.27 24 1.46 0.37 -1.83 0.95 0.06 -0.84 24 X Y 052179F 2.0E+24 5.5
-92.66 13.21 15 -9.99 4.73 5.26 0.63 -1.08 -1.76 23 X Y 052679A 6.9E+23 5.2
-76.23 5.52 111 -3.75 -1.49 5.25 -0.29 -0.23 0.16 23 X Y 052979B 5.3E+23 5.1
-93.40 15.21 70 -4.10 3.27 0.84 2.15 -1.94 -2.40 24 X Y 060479A 5.6E+24 5.8
-93.97 17.65 117 -1.89 -0.47 2.36 1.56 -0.12 -1.19 26 X Y 062279A 2.9E+26 6.9
-82.40 7.05 15 -0.48 1.00 -0.52 1.19 0.62 3.89 25 X Y 062779C 4.5E+25 6.4
-82.48 7.37 15 -0.35 0.36 -0.01 0.86 -0.07 1.85 24 X Y 063079A 2.2E+24 5.5
-83.09 8.15 10 -2.19 0.66 1.52 -0.02 -1.11 -0.57 25 X Y 070179A 2.0E+25 6.2
-83.11 8.53 15 1.12 -0.64 -0.48 0.44 -1.35 1.20 24 X Y 070279A 1.9E+24 5.5
-91.56 13.63 55 -2.53 0.87 1.66 -1.47 0.01 -1.90 24 X Y 070779C 3.4E+24 5.7
-93.73 13.86 15 -6.29 2.69 3.59 -0.01 -1.20 -3.64 24 X Y 072179A 6.9E+24 5.9
-93.57 14.32 15 6.31 -0.91 -5.39 6.23 -5.38 0.16 23 X Y 072979B 1.1E+24 5.3
-83.31 9.02 22 4.85 -3.56 -1.29 3.19 -0.89 1.85 25 X Y 082479B 5.9E+25 6.5
-92.44 15.76 161 0.33 -1.24 0.91 0.96 -1.49 0.22 25 X Y 100179C 2.2E+25 6.2
-61.23 16.60 43 7.92 0.72 -8.64 -5.90 7.07 1.94 23 X Y 100979A 1.3E+24 5.4
-91.07 13.77 30 1.11 -0.84 -0.26 1.83 -0.90 0.42 26 X Y 102779A 2.3E+26 6.9
-91.01 13.66 28 0.83 -0.63 -0.20 1.55 -0.75 0.28 26 X Y 102779B 1.9E+26 6.8
-68.46 17.96 78 1.85 -1.55 -0.30 -1.70 0.23 0.10 25 X Y 110579A 2.6E+25 6.2
-69.65 19.06 96 2.01 -3.70 1.69 2.77 -2.85 -1.34 23 X Y 111779A 5.6E+23 5.1
-75.58 5.18 109 -2.44 -4.47 6.91 -2.40 -4.90 0.18 26 X Y 112379A 9.1E+26 7.3
-91.55 15.49 167 0.16 -0.93 0.77 1.31 -1.41 0.11 24 X Y 121079A 2.1E+24 5.5
-80.46 5.66 15 -0.64 -0.18 0.81 0.00 0.00 1.08 25 X Y 121379A 1.5E+25 6.1
-86.88 11.11 21 4.59 -3.24 -1.35 5.56 -3.54 3.38 24 X Y 121879A 7.8E+24 5.9
-93.76 15.51 74 -3.99 4.08 -0.09 4.17 -3.33 -4.56 23 X Y 013080B 9.2E+23 5.3
-82.88 5.75 15 -0.35 0.76 -0.42 2.12 1.25 8.37 24 X Y 020480A 9.2E+24 5.9
-64.38 18.43 55 1.51 -0.51 -0.99 -1.47 2.17 1.10 23 X Y 021480B 2.9E+23 4.9
-85.78 17.31 15 -0.21 -0.69 0.90 0.20 0.40 1.18 24 X Y 032080A 1.6E+24 5.4
-82.74 5.89 15 0.07 0.06 -0.13 0.38 0.01 1.62 24 X Y 032280A 1.6E+24 5.4
-72.34 7.71 15 6.11 1.43 -7.54 -4.42 9.38 -3.20 23 X Y 050280A 1.3E+24 5.4
-91.44 14.06 99 -0.19 -2.78 2.97 4.95 -3.74 -2.21 24 X Y 051880B 7.6E+24 5.9
-85.76 10.89 77 0.48 0.89 -1.36 1.07 -0.83 -1.72 24 X Y 071480C 2.6E+24 5.6
-82.62 5.44 15 -0.18 0.41 -0.23 1.03 -0.58 3.09 25 X Y 073080B 3.2E+25 6.3
-88.29 12.65 23 2.07 -1.46 -0.61 1.42 -0.95 0.60 24 X Y 080180A 2.7E+24 5.6
-93.19 13.99 15 1.33 -1.11 -0.22 1.77 -1.61 0.50 24 X Y 080280A 2.8E+24 5.6
-88.27 16.15 11 0.55 -2.60 2.05 4.14 -2.35 4.83 25 X Y 080980A 5.1E+25 6.4
-73.12 6.67 166 0.11 -0.85 0.74 0.98 -5.82 1.34 23 X Y 081580A 6.3E+23 5.2
-88.38 16.26 15 0.45 -1.65 1.20 0.00 0.00 9.51 23 X Y 090280A 9.4E+23 5.3
-91.91 13.10 15 3.31 -2.83 -0.48 3.45 -2.14 1.18 24 X Y 090280B 5.3E+24 5.8
-59.22 11.72 57 -1.45 0.05 1.40 -0.81 0.96 1.86 23 X Y 090580A 2.7E+23 4.9
-93.32 14.64 55 -1.04 0.67 0.37 0.13 -0.75 -0.71 24 X Y 092080C 1.4E+24 5.4
-69.16 18.46 128 1.01 -0.87 -0.14 -0.76 -0.12 1.05 24 X Y 092780B 1.5E+24 5.4
-74.72 7.96 81 -2.85 -0.76 3.62 -1.75 -0.36 0.78 23 X Y 102880C 3.8E+23 5.0
-91.24 13.45 57 -1.34 1.83 -0.49 0.30 -1.46 -0.88 24 X Y 110480A 2.3E+24 5.5
-72.64 7.96 40 -0.09 6.51 -6.42 3.87 -2.41 -3.69 23 X Y 112680A 9.5E+23 5.3
-86.81 11.65 71 0.28 -1.07 0.79 0.77 -0.55 0.80 24 X Y 012781A 1.2E+24 5.4
-69.34 18.86 131 0.13 -4.00 3.87 -1.59 -2.07 -1.31 23 X Y 021581A 4.8E+23 5.1
-60.15 11.91 58 -3.90 -1.82 5.73 4.30 -2.60 5.68 23 X Y 030281A 8.8E+23 5.3
-92.78 14.43 15 0.58 -0.68 0.10 1.85 -1.21 0.18 24 X Y 040581B 2.3E+24 5.5
-91.74 13.68 69 -0.62 1.34 -0.72 0.12 -1.41 -2.05 24 X Y 042081A 2.8E+24 5.6
-76.42 6.90 15 0.33 -0.52 0.19 -0.62 -0.44 -1.46 24 X Y 042781C 1.3E+24 5.4
-77.11 7.76 21 7.15 -4.41 -2.74 5.49 4.62 -2.80 23 X Y 051681B 1.0E+24 5.3
-86.33 17.23 15 -0.91 -4.74 5.64 -0.24 2.81 6.68 24 X Y 061181B 9.5E+24 6.0
-93.77 14.52 10 -6.48 4.02 2.46 -9.88 5.67 -3.39 24 X Y 081781B 1.3E+25 6.0
-76.58 7.12 15 -0.40 0.03 0.37 0.68 -0.51 -2.32 24 X Y 082581B 2.7E+24 5.6
-76.56 7.24 15 -0.21 0.12 0.08 -0.33 -0.10 -1.03 24 X Y 082581C 1.2E+24 5.3
-76.58 7.06 15 0.56 -1.55 0.99 -2.93 -2.41 -8.28 23 X Y 082781A 8.1E+23 5.2
-68.76 18.65 160 1.42 -1.16 -0.26 -1.14 -0.09 -0.17 25 X Y 091481A 1.9E+25 6.1
-91.42 14.28 92 -1.55 3.19 -1.64 -0.89 0.76 -0.62 24 X Y 092781B 3.5E+24 5.7
-72.81 8.45 26 1.67 3.47 -5.15 -0.07 6.62 -4.97 24 X Y 101881A 7.8E+24 5.9
-90.48 14.36 180 2.03 -1.91 -0.12 4.41 -6.36 0.17 24 X Y 110781C 8.5E+24 5.9
-92.59 14.17 72 1.32 -8.37 7.05 6.12 -4.88 0.87 24 X Y 122181B 1.0E+25 6.0
-61.42 15.01 173 -1.71 5.17 -3.46 -5.92 0.23 7.53 23 X Y 010882A 1.2E+24 5.3
-87.30 12.80 10 0.08 -1.25 1.16 -0.15 0.37 -1.32 25 X Y 011282B 1.8E+25 6.1
-74.05 5.97 35 0.78 7.38 -8.16 -6.64 1.11 -2.72 23 X Y 011782B 1.2E+24 5.4
-60.38 13.93 51 1.04 -5.38 4.34 2.16 2.55 2.87 23 X Y 012082E 6.8E+23 5.2
-61.47 16.71 35 0.64 -0.18 -0.46 -0.49 1.27 0.08 25 X Y 013082A 1.6E+25 6.1
-89.41 12.98 60 1.09 -1.31 0.22 0.83 -1.01 1.64 24 X Y 030482B 1.8E+24 5.5
-78.65 6.26 15 -0.97 1.21 -0.24 -0.38 -0.26 -0.02 24 X Y 031682B 1.3E+24 5.4
-87.05 11.26 21 1.22 -1.02 -0.20 1.77 -1.26 0.84 24 X Y 031782A 2.4E+24 5.6
-92.36 13.87 18 4.31 -3.62 -0.70 3.81 -3.03 2.05 24 X Y 040682B 6.5E+24 5.8
-91.95 13.79 43 1.23 -0.87 -0.37 0.60 -0.65 0.35 26 X Y 040682A 1.5E+26 6.8
-86.35 10.57 15 -2.76 1.97 0.79 -5.65 4.59 -1.76 24 X Y 040782C 8.1E+24 5.9
-83.40 17.72 10 -0.30 -0.76 1.06 -1.29 1.22 3.15 25 X Y 041082B 3.4E+25 6.3
-92.04 14.07 65 -4.82 3.25 1.57 -0.48 0.54 -3.80 24 X Y 041882D 6.3E+24 5.8
-87.68 14.55 18 -1.12 0.02 1.10 -0.31 -0.17 0.32 24 X Y 042782A 1.2E+24 5.4
-62.56 10.50 80 0.48 -0.46 -0.03 5.40 -3.13 -1.34 23 X Y 051082B 6.9E+23 5.2
-64.25 18.74 42 2.79 -0.56 -2.22 1.80 3.65 4.33 23 X Y 061182D 6.7E+23 5.2
-88.97 12.65 52 -7.45 7.15 0.30 5.77 -3.72 -3.20 26 X Y 061982A 1.1E+27 7.3
-89.40 12.45 23 1.66 -1.22 -0.44 4.77 -4.79 1.81 24 X Y 070282A 6.6E+24 5.8
-71.70 7.69 96 0.30 0.92 -1.22 0.30 -0.25 -0.34 24 X Y 070482B 1.1E+24 5.3
-86.37 11.02 18 1.95 -2.65 0.69 5.51 -4.71 1.34 24 X Y 070782C 7.4E+24 5.9
-89.64 13.49 65 1.75 2.50 -4.26 3.36 -4.42 -2.32 23 X Y 072682A 7.4E+23 5.2
-78.15 7.02 15 4.85 0.96 -5.80 -1.14 -4.33 2.26 23 X Y 081482B 7.0E+23 5.2
-92.17 14.06 45 -8.06 3.40 4.67 -6.60 1.02 -7.85 23 X Y 081682B 1.3E+24 5.4
-83.54 9.24 37 2.89 -5.50 2.61 3.64 -3.13 0.97 24 X Y 081782A 6.3E+24 5.8
-82.15 6.62 25 0.02 -0.22 0.19 -0.14 1.15 1.50 26 X Y 081982B 1.9E+26 6.8
-91.28 13.32 48 -0.47 0.71 -0.24 0.42 -0.95 -1.02 24 X Y 082082A 1.7E+24 5.5
-92.44 13.86 22 2.76 -2.72 -0.04 2.64 -1.96 1.85 24 X Y 090582B 4.2E+24 5.7
-88.93 14.62 15 -8.15 -0.65 8.80 -1.60 -1.56 3.73 23 X Y 092982C 1.0E+24 5.3
-88.89 14.65 22 -2.23 0.71 1.52 1.86 0.35 1.40 24 X Y 092982B 3.0E+24 5.6
-63.76 18.59 37 3.16 -1.30 -1.86 -1.47 0.88 3.41 23 X Y 093082C 3.6E+23 5.0
-90.47 14.44 78 -0.78 2.34 -1.56 0.20 -0.19 -0.46 24 X Y 101882A 2.4E+24 5.6
-89.13 12.82 50 -1.37 2.14 -0.77 2.95 -3.56 -1.17 24 X Y 102782C 5.3E+24 5.8
-90.46 13.74 90 0.10 0.59 -0.69 2.00 -1.37 -0.06 25 X Y 103182B 2.7E+25 6.2
-92.78 14.58 62 2.76 -2.80 0.05 2.80 -1.68 2.69 24 X Y 111482A 4.0E+24 5.7
-62.18 17.76 31 -3.72 -0.82 4.53 -9.16 9.85 3.97 23 X Y 112382A 1.1E+24 5.3
-90.58 12.60 50 -1.95 2.18 -0.23 0.99 -0.36 -1.75 24 X Y 112482A 3.3E+24 5.6
-90.55 12.87 55 8.09 -6.18 -1.91 -1.55 3.79 -5.52 23 X Y 112982B 1.0E+24 5.3
-81.79 7.49 15 -0.37 0.38 -0.00 0.00 0.00 2.66 24 X Y 120982C 2.9E+24 5.6
-77.57 6.66 15 -0.89 0.35 0.55 -1.73 0.53 -1.79 24 X Y 012383B 2.9E+24 5.6
-82.61 8.42 25 -0.10 -0.38 0.47 1.11 -0.58 0.83 24 X Y 020983C 1.0E+24 5.3
-60.31 14.85 47 9.71 -2.27 -7.43 -3.34 1.64 4.81 23 X Y 030383D 1.1E+24 5.3
-62.07 11.05 85 2.07 -1.65 -0.42 6.14 5.36 -0.50 24 X Y 030883B 8.6E+24 5.9
-83.25 8.85 28 1.34 -1.01 -0.33 1.21 -0.26 0.57 27 X Y 040383A 1.9E+27 7.5
-83.98 9.21 15 1.59 -1.84 0.25 3.15 -1.22 0.74 24 X Y 040383C 3.6E+24 5.7
-83.88 9.06 15 1.15 -1.45 0.29 2.76 -1.06 0.49 24 X Y 040483E 3.1E+24 5.6
-61.58 17.29 15 4.04 -1.50 -2.54 -1.76 3.72 1.68 23 X Y 040583B 5.8E+23 5.1
-82.54 7.80 20 5.79 -5.68 -0.11 7.16 -1.82 3.63 24 X Y 040783B 9.2E+24 5.9
-82.59 8.21 15 0.91 -1.16 0.25 1.91 -0.58 0.56 24 X Y 040783C 2.1E+24 5.5
-62.61 10.08 19 -1.40 -0.12 1.52 -0.63 0.17 -0.57 25 X Y 041183A 1.7E+25 6.1
-91.47 14.36 62 -1.87 4.36 -2.49 2.30 -2.19 -2.81 24 X Y 041483A 6.4E+24 5.8
-89.17 12.82 74 -0.49 0.97 -0.48 1.63 -1.65 -1.32 24 X Y 042983A 3.2E+24 5.6
-82.30 5.13 38 0.31 0.46 -0.76 0.98 1.65 6.61 24 X Y 050583B 7.0E+24 5.9
-82.87 8.06 11 1.56 -1.36 -0.19 2.08 0.16 1.34 25 X Y 050983B 2.8E+25 6.3
-73.41 7.11 155 -2.15 3.43 -1.28 -1.15 -1.65 -7.73 23 X Y 051983B 9.2E+23 5.3
-70.20 18.32 15 0.40 -0.04 -0.36 1.11 -0.43 0.22 24 X Y 052083A 1.3E+24 5.4
-83.26 9.65 12 -2.19 -1.47 3.66 0.33 1.27 2.54 25 X Y 070383C 4.9E+25 6.4
-87.22 12.51 47 -1.33 2.84 -1.51 3.96 -2.95 -0.81 25 X Y 071883A 5.9E+25 6.5
-82.59 5.90 15 -0.15 1.40 -1.25 0.00 0.00 0.41 24 X Y 072683A 1.5E+24 5.4
-86.90 11.80 105 2.37 -1.35 -1.02 8.20 -9.28 1.92 23 X Y 072683C 1.2E+24 5.4
-91.38 14.23 106 0.65 -0.89 0.24 1.03 -1.27 0.29 24 X Y 080483A 1.9E+24 5.5
-93.93 15.82 98 1.19 -1.67 0.48 2.61 -1.18 0.01 24 X Y 080683A 3.1E+24 5.6
-72.97 6.64 156 3.16 0.19 -3.35 2.48 -8.96 7.48 23 X Y 082983B 1.0E+24 5.3
-93.44 15.88 122 -0.85 -0.01 0.87 1.37 -2.98 -0.77 25 X Y 091583A 3.7E+25 6.3
-94.07 17.09 139 -5.56 -4.06 9.62 9.88 -6.65 -2.65 23 X Y 091883A 1.4E+24 5.4
-68.67 18.39 96 1.39 -1.15 -0.24 -0.39 0.40 -0.48 24 X Y 092083A 1.6E+24 5.4
-83.37 8.13 11 2.97 -3.38 0.41 0.72 -0.17 0.81 24 X Y 092383C 3.1E+24 5.6
-85.96 10.97 60 -0.90 1.08 -0.18 0.37 0.45 -1.04 24 X Y 092983C 1.7E+24 5.4
-82.53 7.96 23 6.99 -7.44 0.45 7.06 -3.08 4.60 24 X Y 101283B 1.0E+25 6.0
-91.59 13.58 20 5.72 -4.40 -1.32 3.39 -2.77 2.08 24 X Y 101283C 7.3E+24 5.9
-87.69 12.05 76 -1.02 0.64 0.39 0.11 -0.15 -0.34 24 X Y 101983B 8.9E+23 5.3
-81.92 6.79 42 -0.53 -0.04 0.57 0.97 0.16 3.05 25 X Y 112683B 3.5E+25 6.3
-92.20 13.86 31 2.25 -1.74 -0.51 2.58 -1.37 0.85 26 X Y 120283A 3.7E+26 7.0
-92.59 13.91 21 1.95 -1.83 -0.12 1.78 -1.28 0.76 24 X Y 120283B 2.9E+24 5.6
-92.18 13.74 56 0.63 -1.16 0.52 0.42 -0.40 0.44 25 X Y 121083A 9.8E+24 6.0
-93.26 13.44 29 1.52 -1.85 0.33 1.06 -1.07 0.76 24 X Y 121383A 2.2E+24 5.5
-59.81 11.61 39 -2.38 -1.14 3.52 1.19 0.06 2.18 24 X Y 021184B 4.4E+24 5.7
-59.84 17.65 10 0.00 -0.66 0.66 -0.70 -0.54 -1.49 24 X Y 033084A 1.6E+24 5.4
-83.21 8.72 29 5.47 -4.82 -0.65 5.67 -0.97 2.86 23 X Y 040984A 8.0E+23 5.2
-82.39 6.91 10 -0.91 -0.12 1.03 2.48 0.33 4.10 24 X Y 041684A 5.2E+24 5.8
-94.87 14.71 10 7.08 -4.85 -2.23 5.39 -8.49 2.62 23 X Y 051084B 1.3E+24 5.4
-69.78 10.05 18 -1.19 5.75 -4.57 -3.57 -2.87 -7.47 23 X Y 061484A 1.0E+24 5.3
-69.23 18.09 16 0.13 -0.03 -0.09 1.34 -0.41 0.13 26 X Y 062484A 1.4E+26 6.7
-69.64 18.02 33 -2.75 5.67 -2.93 5.80 -1.28 0.31 23 X Y 062484C 8.6E+23 5.3
-69.35 18.13 42 1.76 -1.60 -0.15 1.46 -0.34 -0.05 24 X Y 062584B 2.4E+24 5.5
-90.29 12.83 54 0.49 -1.23 0.74 1.28 -1.04 0.71 24 X Y 073084D 1.7E+24 5.5
-92.66 13.91 35 4.87 -5.68 0.81 3.36 -2.35 3.34 24 X Y 080384D 6.3E+24 5.8
-81.62 18.24 10 -9.15 2.42 6.73 -2.08 4.19 -4.93 23 X Y 081684A 1.1E+24 5.3
-62.53 10.62 22 -0.78 1.78 -1.01 3.10 -2.63 -5.85 23 X Y 082084B 8.2E+23 5.2
-87.06 11.18 38 3.37 -4.11 0.74 2.90 -0.86 3.48 24 X Y 082284D 4.4E+24 5.7
-86.55 11.13 55 1.09 -1.81 0.72 0.69 -0.75 0.67 25 X Y 082384A 1.7E+25 6.1
-87.20 12.81 32 -0.16 -1.23 1.39 -0.43 -1.51 -2.45 24 X Y 083184A 3.2E+24 5.6
-93.33 15.75 108 -0.60 -1.00 1.60 1.64 -1.77 -0.59 25 X Y 083184C 3.0E+25 6.3
-93.80 17.44 161 -6.46 -1.07 7.53 5.29 -1.98 -4.21 23 X Y 090184D 1.0E+24 5.3
-69.25 18.31 38 5.65 -3.46 -2.19 5.53 -1.01 -2.48 23 X Y 090184E 8.6E+23 5.3
-59.90 11.45 41 -1.02 -0.35 1.37 -0.74 0.08 1.40 24 X Y 100584B 2.2E+24 5.5
-94.48 14.72 16 6.28 -4.60 -1.69 4.95 -5.06 2.41 24 X Y 101384C 9.6E+24 6.0
-89.95 12.37 34 1.19 -0.79 -0.41 0.53 -0.81 0.30 24 X Y 110284B 1.6E+24 5.4
-73.25 7.28 156 -0.87 0.05 0.82 -0.39 -1.53 0.15 24 X Y 110484A 1.8E+24 5.5
-94.03 15.33 57 -2.36 1.58 0.78 4.15 -6.95 -6.16 23 X Y 121984D 1.2E+24 5.3
-87.17 11.44 43 5.40 -5.47 0.07 6.26 -3.94 4.81 24 X Y 122084A 8.6E+24 5.9
-79.74 10.33 45 1.35 -2.02 0.67 0.25 0.44 0.28 25 X Y 010585E 1.6E+25 6.1
-89.52 13.34 66 -3.76 2.91 0.85 1.82 1.56 -2.54 24 X Y 031085D 4.7E+24 5.7
-62.34 17.10 14 -0.58 4.44 -3.86 -0.23 -0.18 0.48 25 X Y 031685B 4.5E+25 6.4
-87.42 11.46 50 1.23 -1.24 0.01 0.52 -0.61 1.07 25 X Y 041985A 1.5E+25 6.1
-77.35 9.01 12 0.90 -1.53 0.63 -1.44 2.61 1.02 25 X Y 042085A 3.4E+25 6.3
-87.45 11.68 43 4.16 -5.46 1.29 3.23 -2.23 3.87 24 X Y 050385A 5.5E+24 5.8
-90.79 12.52 20 1.92 -1.82 -0.09 1.78 -0.72 0.67 25 X Y 060385A 2.7E+25 6.3
-90.66 12.78 24 1.09 -1.16 0.07 0.94 -0.76 0.67 24 X Y 060485C 1.6E+24 5.4
-64.73 19.25 27 1.81 -1.26 -0.56 -2.33 6.33 4.37 24 X Y 062685B 7.2E+24 5.9
-82.83 6.34 10 -0.09 1.18 -1.10 0.68 0.52 0.90 24 X Y 062685C 1.8E+24 5.5
-73.00 7.10 144 2.07 -0.49 -1.57 -2.67 -5.24 -0.32 23 X Y 062685D 6.4E+23 5.2
-63.07 18.58 35 0.72 -0.92 0.19 -1.29 5.42 4.64 23 X Y 070585A 6.7E+23 5.2
-68.11 19.13 23 0.31 -0.66 0.36 -1.96 2.71 1.80 24 X Y 072185A 3.0E+24 5.6
-75.20 19.67 10 4.44 -2.78 -1.67 -0.57 -1.09 -1.82 23 X Y 090185A 4.6E+23 5.1
-84.12 9.40 36 0.71 -1.18 0.47 1.31 -0.75 0.76 24 X Y 092585B 1.5E+24 5.4
-89.93 12.84 41 -5.15 4.83 0.32 0.51 0.51 -2.35 24 X Y 101285C 5.8E+24 5.8
-91.21 13.51 58 -1.10 1.33 -0.22 0.56 -1.46 -1.47 24 X Y 112785B 2.7E+24 5.6
-60.95 12.10 49 1.45 0.30 -1.75 -0.61 1.39 -0.06 24 X Y 112885A 2.2E+24 5.5
-73.34 7.10 153 0.18 0.82 -1.00 0.40 -0.45 0.42 24 X Y 120385B 1.0E+24 5.3
-85.58 11.65 10 -0.16 -1.38 1.53 -0.04 0.04 0.69 25 X Y 121685A 1.7E+25 6.1
-76.58 7.08 15 -1.20 0.26 0.94 0.36 0.36 -4.09 24 X Y 012986B 4.7E+24 5.7
-62.41 17.30 15 1.13 1.92 -3.05 -0.25 1.01 1.10 24 X Y 021286D 2.2E+24 5.5
-91.75 14.37 107 1.58 -3.88 2.30 4.54 -3.22 -2.08 24 X Y 021586B 7.2E+24 5.9
-91.59 14.29 85 7.12 -8.20 1.07 5.63 -4.84 4.81 23 X Y 032486B 1.0E+24 5.3
-94.61 15.22 53 -1.47 0.30 1.17 0.74 -1.64 -1.22 24 X Y 040786A 2.8E+24 5.6
-62.93 10.70 20 -0.97 0.42 0.55 -0.38 -1.66 -2.24 25 X Y 061186C 3.0E+25 6.3
-73.14 7.15 160 1.93 -2.60 0.68 1.91 -2.01 3.57 24 X Y 062986F 3.5E+24 5.7
-86.94 11.04 45 5.25 -4.68 -0.57 4.73 -2.58 5.12 24 X Y 063086B 7.2E+24 5.9
-92.68 15.31 72 -6.43 3.22 3.21 6.51 -6.04 -6.96 24 X Y 070586D 1.4E+25 6.1
-93.96 15.92 66 -1.66 0.53 1.13 6.14 -3.51 -3.73 24 X Y 071386A 9.0E+24 5.9
-69.24 10.84 15 1.60 -1.11 -0.49 -0.09 -0.40 -1.01 24 X Y 071886B 1.7E+24 5.4
-89.12 12.75 54 -2.54 0.81 1.73 1.43 -1.37 -1.18 24 X Y 080286B 3.2E+24 5.6
-81.06 7.53 15 -1.24 -0.46 1.70 1.73 -1.42 2.84 24 X Y 080786C 3.7E+24 5.7
-82.47 6.00 15 -0.44 0.14 0.29 2.08 0.85 5.47 24 X Y 081286B 6.3E+24 5.8
-82.49 5.93 15 -0.60 4.20 -3.60 1.92 0.78 2.17 24 X Y 081386A 5.5E+24 5.8
-74.74 8.00 78 -1.65 3.27 -1.62 1.69 -5.76 4.98 23 X Y 081386B 6.8E+23 5.2
-89.40 13.91 15 -0.58 -0.08 0.67 -0.25 0.90 -4.58 24 X Y 101086A 5.0E+24 5.8
-90.41 13.10 15 0.40 -0.66 0.26 2.16 -2.58 0.26 24 X Y 102186G 3.4E+24 5.7
-73.13 7.21 153 -1.26 -2.91 4.17 -4.99 -4.57 -1.99 23 X Y 103186A 6.8E+23 5.2
-60.84 17.35 35 1.14 1.90 -3.03 1.65 2.94 -0.09 23 X Y 110986C 3.8E+23 5.0
-88.69 12.47 15 2.05 -3.29 1.24 9.80 -9.49 0.98 23 X Y 121986B 1.4E+24 5.4
-82.57 5.69 15 -0.14 0.04 0.10 0.33 0.41 3.20 25 X Y 010487D 3.3E+25 6.3
-78.90 5.68 15 -0.24 0.22 0.02 0.45 0.34 1.01 25 X Y 011387C 1.3E+25 6.1
-78.86 5.87 15 -1.31 1.44 -0.13 1.94 0.88 5.95 24 X Y 011387D 7.1E+24 5.9
-92.13 14.53 68 -2.10 1.39 0.71 -1.32 1.35 -1.07 24 X Y 030687F 2.9E+24 5.6
-76.41 5.86 51 2.74 -1.58 -1.16 2.75 0.00 -0.19 23 X Y 031087F 4.1E+23 5.0
-94.39 15.61 17 0.80 -1.01 0.21 1.20 -0.04 0.12 25 X Y 031287C 1.4E+25 6.1
-87.80 11.92 33 1.32 -1.55 0.23 1.09 -1.50 1.09 24 X Y 031387D 2.4E+24 5.6
-94.83 15.63 40 4.77 -3.30 -1.47 3.47 -3.81 3.48 24 X Y 031587A 6.9E+24 5.9
-76.30 7.13 15 0.72 -0.12 -0.59 -0.40 -1.11 -0.38 24 X Y 031987A 1.4E+24 5.4
-83.44 8.77 33 -0.51 0.34 0.18 -3.85 2.09 3.89 24 X Y 032187B 4.7E+24 5.7
-87.02 10.91 26 0.55 -0.71 0.15 1.03 -0.76 -0.01 24 X Y 040287A 1.5E+24 5.4
-86.70 11.44 20 2.32 -1.70 -0.61 3.95 -2.01 1.13 25 X Y 040887B 5.0E+25 6.4
-91.92 13.91 51 -6.95 3.84 3.11 0.15 -2.17 -2.40 23 X Y 052387A 6.1E+23 5.2
-61.54 11.91 156 0.27 2.94 -3.21 4.02 -4.90 -3.32 23 X Y 060187D 8.6E+23 5.3
-83.87 9.20 37 0.07 0.10 -0.16 -0.52 -0.06 2.23 24 X Y 060287A 2.3E+24 5.5
-82.46 7.30 15 -0.55 0.57 -0.02 3.42 1.10 9.29 23 X Y 061987C 1.1E+24 5.3
-82.44 7.44 15 0.02 0.37 -0.39 1.28 0.88 3.71 24 X Y 062287C 4.3E+24 5.7
-82.84 5.37 15 0.31 -0.46 0.15 0.00 0.00 6.75 23 X Y 071987B 6.6E+23 5.2
-94.17 16.05 98 -0.31 -0.88 1.20 0.66 -0.28 0.62 24 X Y 072287C 1.4E+24 5.4
-59.08 14.12 15 -0.80 -2.52 3.32 0.00 0.00 1.91 24 X Y 081287B 3.9E+24 5.7
-91.41 13.81 54 -4.63 3.60 1.04 -2.24 2.04 -1.40 23 X Y 081387A 5.1E+23 5.1
-82.76 6.52 22 0.74 2.68 -3.42 1.52 4.10 9.50 24 X Y 090887A 1.1E+25 6.0
-90.21 14.16 115 2.12 1.35 -3.47 3.97 0.23 -2.09 24 X Y 091387A 5.9E+24 5.8
-87.05 10.47 30 9.44 -6.29 -3.15 9.41 -4.73 8.04 23 X Y 092787C 1.4E+24 5.4
-93.35 15.44 53 -3.85 3.79 0.06 6.13 -3.37 -1.42 23 X Y 100487A 8.2E+23 5.2
-86.58 10.66 29 0.94 -0.69 -0.25 1.54 -0.74 0.60 25 X Y 100487B 1.9E+25 6.2
-90.15 13.17 43 4.06 -3.79 -0.27 -0.07 -1.01 2.30 24 X Y 101487E 4.3E+24 5.7
-76.14 6.89 30 0.18 -0.18 -0.01 -0.58 -1.09 -0.33 24 X Y 111187A 1.2E+24 5.4
-87.32 12.17 56 2.30 -2.82 0.52 4.16 -2.95 1.20 25 X Y 111787A 5.5E+25 6.5
-92.81 15.08 114 0.05 0.11 -0.16 1.24 -0.39 -0.51 24 X Y 121387B 1.6E+24 5.4
-91.27 14.60 184 4.33 2.40 -6.73 -2.14 0.90 -5.40 24 X Y 011988C 7.0E+24 5.9
-83.76 10.37 15 0.62 -3.84 3.22 0.00 0.00 1.84 23 X Y 013188B 3.7E+23 5.0
-63.13 18.94 15 0.42 -0.42 -0.01 -0.36 1.20 0.61 24 X Y 020988A 1.4E+24 5.4
-62.84 18.71 15 0.21 -0.27 0.06 -0.52 1.71 0.25 24 X Y 020988B 1.9E+24 5.5
-87.51 10.94 15 5.46 -4.23 -1.23 2.48 -3.42 3.29 23 X Y 022188D 7.0E+23 5.2
-84.91 9.65 30 1.18 -0.94 -0.24 1.11 -1.14 0.72 24 X Y 030288A 2.0E+24 5.5
-60.10 10.09 54 -9.19 8.11 1.08 -1.97 -3.50 5.40 25 X Y 031088B 1.2E+26 6.7
-83.15 9.48 37 -1.68 -5.68 7.36 3.93 -6.39 8.14 24 X Y 031188B 1.3E+25 6.0
-59.85 9.88 47 -5.66 5.12 0.54 -4.24 0.55 4.56 23 X Y 031188C 8.7E+23 5.3
-60.43 9.81 33 -4.10 3.73 0.37 4.02 -1.03 2.09 24 X Y 031288B 5.9E+24 5.8
-60.31 9.75 55 -4.08 3.20 0.88 1.17 -0.99 2.23 24 X Y 031688B 4.6E+24 5.7
-60.31 9.67 56 -0.42 1.26 -0.84 0.99 -0.22 1.80 24 X Y 032588C 2.5E+24 5.6
-64.88 9.69 15 1.01 6.14 -7.15 0.00 0.00 -4.60 23 X Y 032988B 7.6E+23 5.2
-63.00 10.35 54 4.90 -1.87 -3.02 2.38 -3.91 -3.43 23 X Y 041288C 7.8E+23 5.2
-61.34 17.18 37 4.94 0.63 -5.57 -0.85 3.14 1.28 23 X Y 042288A 5.9E+23 5.1
-85.80 11.52 76 -1.72 -3.24 4.96 4.00 -8.21 -1.45 25 X Y 050688C 1.1E+26 6.7
-91.81 14.29 15 1.91 -2.28 0.37 3.23 -2.19 1.04 24 X Y 061888B 4.3E+24 5.7
-60.29 9.80 53 -6.99 5.44 1.55 -0.13 -0.16 4.12 24 X Y 062488C 8.1E+24 5.9
-86.51 12.01 15 1.33 -0.49 -0.84 5.28 -6.07 -1.73 23 X Y 062688B 9.2E+23 5.3
-71.52 9.28 15 -2.52 -0.14 2.66 1.69 6.78 2.64 23 X Y 071288B 8.5E+23 5.3
-62.96 11.04 15 -1.68 -0.77 2.46 -2.92 -5.62 -6.45 23 X Y 071288D 8.4E+23 5.2
-93.44 13.94 15 -7.35 5.11 2.24 1.90 -0.36 -1.00 23 X Y 072788C 5.7E+23 5.1
-92.96 13.98 15 -1.46 0.90 0.56 -0.89 0.45 0.10 24 X Y 072788D 1.2E+24 5.4
-70.46 18.63 18 -0.01 0.27 -0.26 -0.19 -2.64 0.83 24 X Y 090588A 2.7E+24 5.6
-93.76 17.39 155 -2.05 -0.83 2.88 1.81 -5.80 2.09 23 X Y 090788A 6.8E+23 5.2
-93.23 14.66 49 -1.09 1.48 -0.39 0.95 -1.10 -1.36 24 X Y 091188A 2.7E+24 5.6
-91.00 12.93 60 1.83 -2.73 0.90 -0.12 -0.69 1.48 24 X Y 091388B 2.3E+24 5.5
-92.22 13.66 59 5.16 -7.60 2.43 -1.06 0.41 3.94 23 X Y 091688C 5.3E+23 5.1
-92.08 16.21 174 0.77 -4.54 3.77 -1.30 -6.06 -0.60 23 X Y 101288B 8.5E+23 5.3
-90.61 13.84 54 -2.48 2.24 0.25 6.16 -6.04 -1.12 25 X Y 110388B 9.0E+25 6.6
-67.58 19.04 15 0.11 -0.13 0.02 -0.76 1.02 0.29 25 X Y 110388D 1.2E+25 6.0
-90.90 13.65 45 0.25 -1.28 1.03 1.29 -2.35 -2.14 24 X Y 110488A 4.1E+24 5.7
-76.64 18.15 20 1.50 -0.75 -0.75 -1.47 0.98 0.26 24 X Y 111288A 2.4E+24 5.6
-59.69 15.06 15 1.85 -0.11 -1.74 1.79 3.09 2.43 23 X Y 112188A 5.1E+23 5.1
-77.89 6.95 21 -1.02 0.82 0.20 -0.95 -0.06 -0.47 24 X Y 112688A 1.4E+24 5.4
-82.68 6.37 15 -0.70 -0.76 1.46 0.00 0.00 1.63 25 X Y 120888C 2.3E+25 6.2
-82.56 5.16 15 0.12 0.01 -0.13 0.00 0.00 3.64 24 X Y 121288B 3.6E+24 5.7
-90.95 13.93 15 0.89 -0.32 -0.57 4.67 -3.49 -0.51 24 X Y 121688B 6.3E+24 5.8
-88.09 12.46 63 2.76 -4.29 1.53 1.17 -3.27 6.19 23 X Y 011189C 6.8E+23 5.2
-79.01 5.93 15 -0.56 0.99 -0.43 0.00 0.00 5.39 23 X Y 011789B 5.7E+23 5.1
-82.66 5.69 15 0.28 0.00 -0.28 0.54 0.76 3.12 25 X Y 020489D 3.3E+25 6.3
-74.52 19.98 26 4.45 -2.84 -1.61 1.09 -5.46 3.09 23 X Y 021289C 7.7E+23 5.2
-84.66 9.87 38 -0.37 -7.87 8.24 -0.67 -2.72 9.93 23 X Y 022689A 1.4E+24 5.4
-68.77 18.60 116 1.51 -0.94 -0.57 0.15 -0.39 1.24 24 X Y 030289A 1.6E+24 5.4
-60.82 17.37 34 3.62 -0.22 -3.41 -2.65 3.50 2.17 23 X Y 031189C 5.6E+23 5.1
-86.46 11.27 48 5.69 -8.75 3.06 -1.70 -3.81 3.86 23 X Y 032489B 9.2E+23 5.3
-85.26 10.98 80 -1.00 0.75 0.25 9.58 -7.74 -3.43 23 X Y 040289B 1.4E+24 5.4
-60.32 8.50 18 -0.47 0.46 0.00 -1.10 -0.27 0.79 24 X Y 041589A 1.6E+24 5.4
-86.00 11.32 15 -4.57 -1.15 5.72 5.20 -8.87 -0.63 23 X Y 042589E 1.2E+24 5.3
-90.10 12.81 30 -7.47 4.53 2.94 -3.47 -0.50 -3.83 23 X Y 042889B 8.0E+23 5.2
-68.08 10.88 15 -0.83 -4.39 5.22 -5.28 0.75 6.79 24 X Y 043089A 9.1E+24 5.9
-68.42 10.96 15 -0.36 -1.42 1.79 -0.93 -0.90 0.54 24 X Y 050489A 2.3E+24 5.5
-87.78 12.89 63 6.22 -9.10 2.88 5.96 -4.66 -0.97 23 X Y 051289A 1.1E+24 5.3
-92.26 13.68 32 8.94 -8.23 -0.71 5.71 -4.64 4.41 23 X Y 052589J 1.2E+24 5.3
-94.84 17.63 142 -3.77 -1.29 5.07 3.20 0.76 -4.39 24 X Y 053089B 7.4E+24 5.9
-73.09 6.87 157 -0.60 0.04 0.56 -2.00 -9.04 -1.27 23 X Y 061589A 9.1E+23 5.3
-82.29 6.78 15 -0.34 0.24 0.11 0.67 0.53 2.12 24 X Y 061589B 2.5E+24 5.6
-68.53 17.28 73 -0.31 -1.22 1.52 -1.08 -0.02 -0.29 24 X Y 061889A 1.6E+24 5.4
-90.78 14.66 62 2.31 1.00 -3.30 7.09 -2.25 -8.43 23 X Y 072689B 1.2E+24 5.4
-93.81 14.18 15 -1.88 1.51 0.37 0.90 1.76 -0.55 24 X Y 090589B 1.8E+24 5.5
-93.70 16.05 112 -0.20 0.02 0.17 0.57 -1.16 -1.21 25 X Y 091689C 2.0E+25 6.2
-59.16 9.56 42 1.42 3.08 -4.50 2.17 0.74 6.23 23 X Y 092489A 7.4E+23 5.2
-86.42 12.01 83 0.48 -0.56 0.08 1.01 -1.34 0.09 24 X Y 102389B 1.9E+24 5.5
-87.65 12.18 15 1.57 -0.94 -0.62 1.06 -1.70 1.24 24 X Y 011290A 2.5E+24 5.6
-61.85 16.75 110 -0.24 -0.72 0.96 2.35 -6.07 0.27 24 X Y 022190A 6.7E+24 5.9
-87.36 11.36 18 1.46 -0.74 -0.72 1.07 0.23 0.81 24 X Y 022290B 2.0E+24 5.5
-59.25 9.99 30 -0.56 6.63 -6.07 7.39 -0.52 9.27 23 X Y 031490A 1.4E+24 5.4
-84.58 9.95 18 4.09 -3.44 -0.65 9.70 -3.13 1.71 26 X Y 032590D 1.1E+27 7.3
-84.67 9.65 15 1.55 -1.66 0.11 2.77 -2.38 0.28 24 X Y 032590E 4.1E+24 5.7
-86.64 11.24 32 1.00 -0.76 -0.23 1.32 -0.56 0.53 26 X Y 040390C 1.7E+26 6.8
-86.55 11.48 15 1.57 -1.16 -0.40 6.73 -3.75 0.37 24 X Y 040490A 8.0E+24 5.9
-90.27 13.36 25 6.26 -7.72 1.47 2.74 -7.14 4.78 23 X Y 042090B 1.1E+24 5.3
-83.48 8.95 15 3.36 -2.35 -1.01 2.56 -0.09 1.49 25 X Y 042890A 4.4E+25 6.4
-92.04 14.24 30 4.91 -3.94 -0.96 1.71 -2.24 1.82 24 X Y 050190A 5.8E+24 5.8
-82.65 6.99 15 0.56 -1.47 0.91 -0.36 -2.18 5.15 25 X Y 050890A 5.7E+25 6.5
-86.27 10.41 15 0.57 -0.00 -0.57 1.29 -1.12 0.44 24 X Y 051690B 1.8E+24 5.5
-76.07 19.79 15 5.69 -0.67 -5.02 -3.45 -8.24 7.40 23 X Y 052290B 1.3E+24 5.4
-82.66 6.96 15 -0.25 -0.07 0.31 0.00 0.00 1.14 24 X Y 052790A 1.3E+24 5.4
-86.15 11.64 15 0.72 -0.35 -0.37 1.16 -0.81 0.40 24 X Y 062290C 1.6E+24 5.4
-84.66 9.99 15 -0.44 -1.01 1.45 -1.03 0.31 1.13 24 X Y 063090B 1.9E+24 5.5
-60.46 14.63 25 0.01 6.04 -6.05 0.23 -0.33 -1.31 24 X Y 071290A 6.2E+24 5.8
-88.09 12.54 49 3.16 -2.47 -0.69 0.55 -0.45 1.72 24 X Y 071890A 3.2E+24 5.6
-84.55 9.48 15 -0.97 -0.44 1.41 0.20 1.41 0.31 24 X Y 072390B 2.1E+24 5.5
-86.25 16.06 15 -0.70 0.02 0.68 1.10 0.97 0.19 24 X Y 072790A 1.5E+24 5.4
-77.93 5.71 35 0.88 0.24 -1.12 -0.06 -0.34 0.08 24 X Y 082590A 9.4E+23 5.3
-77.63 6.26 17 1.50 -0.45 -1.05 0.63 -2.25 -0.54 24 X Y 082590B 3.0E+24 5.6
-78.04 19.43 15 -1.42 -0.72 2.15 -0.69 -0.59 0.82 24 X Y 082690B 2.5E+24 5.6
-82.53 6.42 15 0.16 -0.28 0.12 0.51 -0.43 1.82 24 X Y 083090C 1.8E+24 5.5
-75.58 19.86 15 2.37 -0.70 -1.67 -2.61 -6.32 2.29 23 X Y 090490C 8.3E+23 5.2
-92.34 14.55 15 -0.42 1.24 -0.82 1.09 0.36 -0.68 24 X Y 100690C 1.9E+24 5.5
-69.70 18.56 102 1.70 2.46 -4.16 3.34 -5.50 -5.99 23 X Y 101190C 1.0E+24 5.3
-86.40 12.03 156 1.23 -0.40 -0.83 0.97 -1.21 -0.05 24 X Y 110890B 2.1E+24 5.5
-62.92 17.83 90 0.99 0.10 -1.09 0.33 -0.32 0.58 24 X Y 111890C 1.1E+24 5.3
-72.95 6.78 158 4.54 0.90 -5.44 3.54 -6.95 5.99 23 X Y 120390A 8.1E+23 5.2
-89.86 12.97 15 7.79 -4.88 -2.91 1.15 -8.63 5.24 23 X Y 121190B 1.3E+24 5.4
-82.20 6.85 15 -0.13 -0.17 0.30 1.34 0.88 2.40 25 X Y 121790C 3.2E+25 6.3
-84.64 10.16 15 -1.25 -7.96 9.20 -3.08 -2.66 4.05 24 X Y 122290A 1.1E+25 6.0
-90.51 13.66 92 -0.26 -0.54 0.80 1.52 -1.14 -0.24 24 X Y 011691A 2.0E+24 5.5
-85.66 17.18 33 1.37 -6.71 5.34 0.10 -1.69 9.74 23 X Y 012991B 1.1E+24 5.3
-91.46 12.91 15 -1.04 0.96 0.08 -0.10 -0.34 -0.83 24 X Y 012991D 1.5E+24 5.4
-61.46 17.31 15 4.68 1.05 -5.73 -3.31 6.42 0.40 23 X Y 020591B 8.8E+23 5.3
-82.34 5.14 15 -1.01 -0.06 1.07 0.00 0.00 10.00 23 X Y 021191A 1.1E+24 5.3
-84.67 10.89 200 1.55 -1.15 -0.40 0.97 -0.54 0.39 25 X Y 030191A 1.9E+25 6.2
-82.34 5.25 15 -0.62 0.32 0.30 0.00 0.00 3.64 24 X Y 031391A 4.0E+24 5.7
-85.43 9.76 15 1.86 -1.37 -0.49 2.16 -1.55 0.73 25 X Y 031691A 3.3E+25 6.3
-69.76 19.95 23 -0.60 3.30 -2.70 -0.17 0.64 5.37 24 X Y 032691D 6.5E+24 5.8
-78.61 7.66 17 1.28 -1.21 -0.07 1.11 -0.47 1.17 25 X Y 040491A 1.7E+25 6.1
-89.07 12.82 15 0.72 0.09 -0.81 1.54 -0.50 0.37 24 X Y 041291A 2.0E+24 5.5
-82.77 10.10 15 2.14 -1.70 -0.43 -1.41 1.99 1.07 27 X Y 042291A 3.3E+27 7.6
-91.85 14.04 37 -3.39 4.00 -0.60 -4.48 2.77 -1.53 24 X Y 042391A 7.0E+24 5.9
-83.87 9.07 15 -1.57 2.05 -0.47 1.18 -6.38 1.04 23 X Y 042391B 5.4E+23 5.1
-83.56 9.79 22 -0.06 -1.65 1.71 -0.43 -0.06 0.59 25 X Y 042491D 1.8E+25 6.1
-83.63 10.43 15 8.60 -6.73 -1.87 -2.03 0.87 7.80 23 X Y 042791A 8.9E+23 5.3
-82.47 5.76 15 -1.97 -0.94 2.91 2.47 3.46 9.19 24 X Y 043091A 1.2E+25 6.0
-77.24 9.19 46 -0.13 -1.83 1.96 -2.03 -0.02 7.53 24 X Y 050291B 8.0E+24 5.9
-82.34 9.88 15 1.32 -0.79 -0.53 -1.40 0.80 0.72 25 X Y 050491A 2.1E+25 6.2
-82.64 9.54 15 1.20 -0.45 -0.75 -2.73 2.45 0.48 24 X Y 052791C 3.9E+24 5.7
-90.21 13.03 44 5.82 -4.60 -1.22 0.81 -0.26 3.31 24 X Y 062191F 5.9E+24 5.8
-72.90 5.76 15 0.64 7.34 -7.98 0.00 0.00 -0.40 23 X Y 062591D 7.4E+23 5.2
-86.27 10.56 15 0.43 -0.50 0.07 1.16 -0.90 0.28 24 X Y 070291H 1.5E+24 5.4
-84.23 9.96 15 -2.03 -4.82 6.86 0.00 0.00 6.08 23 X Y 080991C 9.5E+23 5.3
-69.83 9.74 15 0.31 1.18 -1.48 -0.15 -0.22 -2.19 24 X Y 081791C 2.4E+24 5.6
-62.20 10.54 45 -0.57 0.62 -0.04 1.43 0.25 -0.17 24 X Y 081791D 1.6E+24 5.4
-80.96 19.05 15 -0.34 -1.89 2.23 -0.86 -1.55 4.02 24 X Y 082691D 5.2E+24 5.8
-90.12 13.00 40 -7.74 5.46 2.27 0.29 -2.28 0.36 23 X Y 091191A 5.5E+23 5.1
-85.64 9.82 32 5.57 -4.88 -0.70 3.90 -2.89 3.19 23 X Y 091391A 7.3E+23 5.2
-91.01 14.79 15 0.22 -0.29 0.07 -0.10 1.63 -1.43 25 X Y 091891A 2.3E+25 6.2
-60.57 11.18 50 5.26 -7.67 2.42 -6.46 2.41 -3.67 23 X Y 092191E 9.8E+23 5.3
-83.46 10.19 25 8.16 -8.44 0.28 1.56 -5.18 6.46 23 X Y 111091A 1.1E+24 5.3
-82.75 8.36 33 1.93 0.05 -1.99 -2.27 1.77 4.87 23 X Y 122191D 4.3E+23 5.1
-61.14 17.78 49 7.55 -0.37 -7.18 -3.05 4.00 4.90 23 X Y 123091C 9.0E+23 5.3
-74.14 5.96 140 -2.08 -0.45 2.53 -3.05 -0.46 3.80 24 X Y 010292C 5.7E+24 5.8
-70.66 18.20 15 1.81 -2.03 0.22 3.02 -2.17 0.23 24 X Y 011592C 4.3E+24 5.7
-92.71 14.43 57 -1.29 0.91 0.38 0.41 -1.38 -0.71 24 X Y 020592D 1.9E+24 5.5
-78.54 7.14 15 0.90 -0.99 0.09 0.00 0.00 4.07 23 X Y 020892A 3.7E+23 5.0
-92.49 13.57 16 3.19 -2.28 -0.91 3.54 -2.35 0.97 24 X Y 022192D 5.4E+24 5.8
-84.09 10.23 73 1.91 2.19 -4.10 4.61 2.69 -1.34 25 X Y 030792B 6.7E+25 6.5
-93.11 14.33 30 1.42 -0.70 -0.72 0.98 -0.41 0.66 24 X Y 031792D 1.8E+24 5.5
-90.97 13.56 74 -5.40 9.15 -3.75 6.46 -7.38 -0.59 23 X Y 032092C 1.2E+24 5.4
-86.66 10.98 18 2.97 -3.04 0.07 3.57 -2.55 1.30 24 X Y 040592E 5.3E+24 5.8
-87.30 12.00 69 -1.93 0.40 1.53 3.45 -1.68 -0.67 24 X Y 042792C 3.9E+24 5.7
-82.30 7.39 15 -0.44 0.44 0.00 0.77 0.77 3.14 25 X Y 051892F 3.7E+25 6.3
-90.48 13.28 30 9.44 -9.00 -0.44 5.19 -4.24 1.44 24 X Y 052392C 1.2E+25 6.0
-77.70 19.84 15 0.04 -0.85 0.81 0.81 -1.27 1.09 26 X Y 052592D 1.8E+26 6.8
-93.13 14.32 29 2.62 -2.42 -0.19 1.86 -1.29 0.80 25 X Y 053092G 3.5E+25 6.3
-88.56 12.68 53 -1.23 2.43 -1.21 0.92 -1.20 -0.48 24 X Y 060692F 2.8E+24 5.6
-82.40 6.36 15 -6.75 5.48 1.27 2.08 0.69 2.85 24 X Y 062692F 7.3E+24 5.9
-80.64 18.81 15 0.18 -1.66 1.48 -0.31 0.04 2.68 24 X Y 062792B 3.0E+24 5.6
-87.78 11.24 15 1.50 -1.73 0.23 0.11 -1.02 0.53 24 X Y 062992B 2.1E+24 5.5
-83.84 17.61 15 2.18 -2.05 -0.13 0.00 0.00 6.22 23 X Y 072192E 5.2E+23 5.1
-60.95 16.08 27 -0.76 0.76 0.00 -0.29 1.03 0.59 24 X Y 080392A 1.1E+24 5.3
-87.78 11.46 16 3.01 -2.45 -0.56 2.40 -0.92 1.46 24 X Y 081092D 3.9E+24 5.7
-87.85 11.18 15 1.60 -1.10 -0.50 0.51 -1.08 0.76 24 X Y 081192E 2.1E+24 5.5
-75.88 5.08 126 -5.36 1.98 3.38 -2.61 -5.57 2.88 24 X Y 081592C 8.3E+24 5.9
-87.81 11.20 15 1.45 -0.93 -0.53 2.65 -1.66 0.44 27 X Y 090292A 3.5E+27 7.7
-87.32 10.17 17 -3.73 1.80 1.92 0.19 -2.40 -1.90 24 X Y 090292U 4.2E+24 5.7
-87.11 11.11 15 -0.10 -0.13 0.23 1.27 0.06 0.31 25 X Y 090292V 1.2E+25 6.0
-88.25 10.90 15 -7.24 0.73 6.51 0.73 0.21 -3.39 23 X Y 090492A 8.1E+23 5.2
-87.71 11.39 22 1.02 -0.95 -0.07 -0.12 -0.30 0.41 25 X Y 090592C 1.1E+25 6.0
-87.51 11.91 15 -0.63 1.03 -0.40 3.15 -1.76 0.44 24 X Y 090692A 3.6E+24 5.7
-86.91 9.89 15 -6.40 3.77 2.63 5.81 -1.43 -2.09 24 X Y 091092C 7.6E+24 5.9
-86.83 11.40 15 5.34 -7.57 2.22 7.60 -5.35 0.71 23 X Y 091392C 1.1E+24 5.3
-86.75 11.52 15 1.29 -1.01 -0.28 1.93 -1.16 0.21 24 X Y 091392D 2.7E+24 5.6
-87.56 10.56 15 -5.20 1.75 3.45 0.00 0.00 -1.16 24 X Y 091592H 4.0E+24 5.7
-87.90 12.11 18 1.74 -1.38 -0.36 1.57 -1.31 0.69 24 X Y 091692D 2.7E+24 5.6
-87.61 12.07 15 0.90 -0.70 -0.21 1.26 -0.82 0.10 24 X Y 092592C 1.8E+24 5.5
-90.99 13.24 15 -1.09 0.94 0.15 -0.44 0.58 -0.18 25 X Y 092892A 1.1E+25 6.0
-76.39 7.22 15 7.44 -6.31 -1.13 1.28 3.45 -8.99 25 X Y 101792E 9.0E+25 6.6
-76.34 7.27 15 1.57 -0.99 -0.58 1.01 3.62 -4.25 26 X Y 101892G 5.0E+26 7.1
-77.24 6.66 15 0.77 -1.39 0.62 1.45 -0.05 -0.66 24 X Y 102392F 1.6E+24 5.4
-66.96 18.51 15 -1.03 0.19 0.84 0.24 -0.30 0.45 24 X Y 112392A 1.1E+24 5.3
-72.96 6.74 154 5.43 -0.02 -5.41 1.87 -2.23 -2.18 23 X Y 123192A 6.7E+23 5.2
-93.77 15.04 15 0.02 -0.32 0.30 1.15 -0.60 -0.01 24 X Y 010693A 1.3E+24 5.4
-82.38 5.90 15 -0.19 0.12 0.07 0.63 -0.95 1.59 24 X Y 011093C 1.7E+24 5.5
-82.45 5.30 15 -0.32 0.23 0.09 0.75 -0.59 3.49 24 X Y 011193D 3.7E+24 5.7
-76.97 18.69 15 0.75 -0.42 -0.32 -0.19 -1.59 0.97 24 X Y 011393D 2.1E+24 5.5
-71.46 18.40 15 -0.47 -3.17 3.64 -5.84 1.22 1.62 23 X Y 040893D 4.2E+23 5.0
-91.72 13.86 56 5.22 -5.22 -0.00 0.66 0.92 -0.45 23 X Y 043093E 5.4E+23 5.1
-91.41 13.47 31 3.96 -4.22 0.26 2.53 -1.55 1.15 24 X Y 052093B 5.0E+24 5.8
-85.26 8.80 15 -3.55 2.65 0.90 6.16 -7.50 6.48 23 X Y 052393A 8.3E+23 5.2
-87.60 13.26 208 3.47 -2.43 -1.04 3.49 -4.98 1.36 24 X Y 061293D 7.2E+24 5.9
-93.12 14.25 54 -4.94 1.26 3.68 7.11 -3.17 -1.67 23 X Y 061693A 8.2E+23 5.2
-83.49 9.85 15 -0.76 -2.30 3.06 0.00 0.00 6.04 24 X Y 071093B 7.0E+24 5.9
-86.75 10.70 20 6.38 -5.50 -0.88 6.47 -4.02 3.97 23 X Y 071693B 9.7E+23 5.3
-91.47 13.06 15 1.72 -1.73 0.01 2.13 -1.14 0.93 24 X Y 072193E 2.9E+24 5.6
-71.12 6.57 24 -1.22 0.08 1.14 0.13 0.25 0.52 25 X Y 072293B 1.4E+25 6.1
-65.71 17.42 15 -6.30 6.35 -0.05 -4.28 -4.54 3.17 23 X Y 080193C 9.7E+23 5.3
-91.33 13.83 43 0.94 -1.03 0.09 3.76 -2.68 0.84 24 X Y 082293A 4.5E+24 5.7
-92.96 14.27 23 1.39 -1.30 -0.08 1.17 -0.72 0.09 24 X Y 090393A 2.0E+24 5.5
-93.14 14.40 27 1.11 -0.82 -0.30 0.88 -0.58 0.35 26 X Y 090393C 1.5E+26 6.8
-92.93 14.09 15 1.62 -1.33 -0.30 0.73 -1.98 0.10 24 X Y 090493D 2.9E+24 5.6
-93.19 14.29 15 2.71 -2.68 -0.03 3.73 -1.94 0.84 24 X Y 091093D 5.0E+24 5.8
-92.54 13.91 16 0.53 -0.63 0.10 0.67 -1.00 -0.02 25 X Y 091093E 1.5E+25 6.1
-92.99 14.41 29 6.39 -4.86 -1.53 4.48 -3.52 2.01 26 X Y 091093F 8.7E+26 7.3
-92.73 14.07 18 3.61 -2.88 -0.73 1.69 -2.70 1.25 24 X Y 091193I 5.0E+24 5.8
-90.93 13.52 56 -5.57 3.91 1.66 7.96 -6.00 -1.32 24 X Y 091293B 1.1E+25 6.0
-86.67 10.94 23 3.84 -3.33 -0.51 2.70 -2.10 1.94 24 X Y 091393L 5.1E+24 5.8
-93.33 14.19 16 1.37 -1.11 -0.26 2.09 -1.27 0.38 24 X Y 091493C 2.8E+24 5.6
-92.94 14.32 37 0.77 -1.01 0.24 0.97 -0.95 0.29 24 X Y 091893C 1.6E+24 5.4
-93.51 14.57 25 0.49 -1.03 0.54 1.13 -1.00 0.73 24 X Y 091993C 1.6E+24 5.4
-93.47 14.39 16 2.81 -2.10 -0.71 3.58 -2.14 0.84 25 X Y 091993F 5.1E+25 6.4
-93.64 14.45 15 5.22 -3.09 -2.13 9.32 -9.62 0.60 23 X Y 092093A 1.5E+24 5.4
-94.83 15.08 15 4.28 -2.97 -1.30 4.38 -1.29 1.05 25 X Y 093093C 6.4E+25 6.5
-93.24 14.14 15 7.05 -5.41 -1.64 7.14 -3.35 2.05 23 X Y 101493A 1.1E+24 5.3
-87.99 12.40 44 1.44 -1.08 -0.36 0.22 0.08 0.52 24 X Y 110193D 1.5E+24 5.4
-90.86 13.69 56 -1.55 1.42 0.13 1.43 -1.22 -0.56 24 X Y 111193E 2.4E+24 5.6
-86.48 11.60 106 1.18 -3.06 1.88 6.52 -5.70 -1.82 24 X Y 112293D 1.0E+25 6.0
-82.38 5.19 15 -0.13 -0.03 0.16 0.95 0.15 3.54 24 X Y 121393C 3.8E+24 5.7
-72.67 19.95 34 -0.12 0.86 -0.75 0.73 0.52 1.16 24 X Y 030294A 1.9E+24 5.5
-87.22 11.41 30 2.24 -1.76 -0.48 2.05 -0.69 0.99 24 X Y 031294D 3.1E+24 5.6
-94.45 16.70 104 -1.66 -1.00 2.67 1.62 -0.14 -1.38 24 X Y 031294E 3.2E+24 5.6
-92.64 15.98 168 0.51 -1.31 0.80 0.99 -1.71 0.07 26 X Y 031494C 2.5E+26 6.9
-88.44 10.96 15 -1.35 0.98 0.37 -0.15 -0.30 -0.66 25 X Y 031594A 1.4E+25 6.1
-93.40 14.69 44 -5.90 1.32 4.58 4.83 -5.60 -2.42 23 X Y 032594D 9.3E+23 5.3
-92.27 14.48 74 -0.42 -3.52 3.94 9.44 -7.45 0.19 24 X Y 041094C 1.2E+25 6.0
-91.86 14.89 143 3.73 -1.27 -2.46 6.44 -5.13 -2.39 23 X Y 050194F 1.1E+24 5.3
-86.45 10.23 18 3.52 -3.14 -0.38 3.80 -2.51 2.02 24 X Y 050194H 5.6E+24 5.8
-91.43 13.66 45 -1.54 1.33 0.22 0.81 -1.09 -0.76 24 X Y 050394A 2.1E+24 5.5
-60.48 10.14 24 -9.32 7.00 2.32 0.64 1.53 4.04 24 X Y 050394D 9.4E+24 5.9
-72.03 7.62 15 8.40 0.22 -8.63 0.36 7.44 5.16 24 X Y 053194D 1.2E+25 6.0
-72.12 7.83 21 1.31 0.03 -1.34 0.48 0.47 0.60 24 X Y 053194F 1.6E+24 5.4
-60.64 11.75 52 -4.31 -5.39 9.70 9.29 4.74 8.83 23 X Y 060194A 1.7E+24 5.5
-86.22 16.90 15 0.03 -1.10 1.07 -1.01 0.55 1.34 24 X Y 060894B 1.7E+24 5.5
-86.45 11.01 37 2.40 -2.31 -0.09 1.65 -0.84 1.08 24 X Y 062994A 3.0E+24 5.6
-82.38 7.49 15 0.10 -0.37 0.27 0.18 1.12 1.84 24 X Y 070494A 2.3E+24 5.5
-70.77 19.77 15 0.69 -0.33 -0.35 -2.87 0.82 0.54 24 X Y 071294B 3.1E+24 5.6
-61.11 16.76 41 1.22 -0.25 -0.97 -0.66 1.26 0.42 24 X Y 072394B 1.9E+24 5.5
-60.76 16.81 18 0.96 -0.07 -0.89 -0.52 1.50 0.37 24 X Y 081594A 1.8E+24 5.5
-93.08 14.20 33 2.90 -4.84 1.95 1.90 -5.25 1.34 23 X Y 081694I 7.7E+23 5.2
-76.54 7.09 23 0.25 -0.24 -0.01 -0.56 0.08 -1.20 25 X Y 091394C 1.3E+25 6.0
-78.92 5.90 16 -0.35 0.50 -0.15 0.65 -0.40 1.88 25 X Y 092794D 2.1E+25 6.2
-89.56 12.94 45 -7.15 5.59 1.55 9.37 -4.36 -2.50 23 X Y 101894A 1.2E+24 5.4
-93.91 15.22 77 -5.64 1.84 3.80 -5.01 1.44 -2.05 23 X Y 103194C 6.6E+23 5.2
-83.26 8.98 15 -0.99 0.04 0.95 -2.10 1.46 -0.21 24 X Y 103194E 2.5E+24 5.6
-71.73 7.53 21 1.29 0.13 -1.42 -0.36 0.18 0.53 24 X Y 110994A 1.4E+24 5.4
-92.85 14.31 33 6.79 -4.19 -2.60 3.82 -4.71 1.69 23 X Y 120394A 9.4E+23 5.3
-72.85 6.89 164 5.84 0.73 -6.57 0.71 -2.16 -4.09 23 X Y 121094F 6.6E+23 5.2
-94.48 15.63 30 6.39 -4.10 -2.29 3.93 -2.32 2.09 23 X Y 121994D 7.9E+23 5.2
-72.85 5.16 16 6.43 -2.15 -4.28 -1.35 -2.56 -3.07 25 X Y 011995F 7.1E+25 6.5
-92.33 13.82 30 2.73 -2.14 -0.59 2.02 -1.50 1.35 24 X Y 012095D 3.7E+24 5.7
-72.89 5.21 33 3.66 0.89 -4.56 3.24 4.46 -1.39 23 X Y 012095F 6.7E+23 5.2
-72.88 5.01 15 2.56 -0.88 -1.68 -0.54 2.34 -1.73 24 X Y 012295D 3.9E+24 5.7
-93.26 14.25 25 1.46 -0.98 -0.48 1.54 -0.85 0.29 24 X Y 012795A 2.4E+24 5.5
-92.21 14.10 68 -0.71 -0.02 0.73 -1.11 0.68 -1.00 24 X Y 012795E 2.0E+24 5.5
-82.64 6.69 15 -0.02 -0.25 0.27 0.14 0.14 1.03 25 X Y 020595C 1.1E+25 6.0
-81.35 12.45 15 -2.58 -0.88 3.46 -1.36 0.85 1.59 24 X Y 021195A 4.0E+24 5.7
-86.08 11.22 136 3.00 -3.65 0.66 3.86 -5.74 1.11 23 X Y 022895B 8.2E+23 5.2
-82.31 6.77 15 -0.03 0.13 -0.10 0.40 0.17 1.21 25 X Y 022895C 1.4E+25 6.1
-59.56 16.59 15 -1.14 -0.38 1.52 0.12 1.28 -0.82 25 X Y 030895A 2.2E+25 6.2
-76.84 7.63 15 -0.98 -2.91 3.90 0.00 0.00 -8.66 23 X Y 031995E 9.8E+23 5.3
-76.46 7.56 15 0.03 -0.00 -0.02 -0.36 -0.44 -1.26 24 X Y 032395A 1.3E+24 5.4
-79.80 5.29 15 -0.15 -0.38 0.54 0.34 0.70 1.14 24 X Y 041395D 1.6E+24 5.4
-72.27 5.10 33 6.44 -1.97 -4.47 2.20 -2.31 -6.72 23 X Y 042395K 8.5E+23 5.3
-73.84 5.66 141 -0.46 1.38 -0.91 -3.09 -8.39 2.50 23 X Y 052095C 9.6E+23 5.3
-88.53 11.89 15 -1.22 1.13 0.09 -1.02 0.64 -0.44 24 X Y 052195E 1.8E+24 5.5
-89.44 11.48 15 -1.91 1.47 0.44 0.18 -0.14 -1.00 24 X Y 061495A 2.1E+24 5.5
-88.81 11.82 15 -7.84 4.22 3.62 1.47 -2.62 -2.08 25 X Y 061495B 6.6E+25 6.5
-81.78 18.82 15 -0.27 -0.26 0.53 0.37 -0.19 1.03 25 X Y 062795E 1.2E+25 6.0
-61.39 17.51 20 0.63 -0.05 -0.59 -0.91 1.04 0.46 24 X Y 063095B 1.5E+24 5.4
-89.90 13.32 75 2.98 -8.55 5.57 4.18 -4.49 3.43 23 X Y 072095B 9.0E+23 5.3
-90.02 13.33 59 -7.83 5.64 2.20 2.24 -0.61 -1.44 23 X Y 072495A 6.5E+23 5.2
-75.69 5.22 129 -7.68 2.84 4.85 -2.79 -2.97 1.29 25 X Y 081995C 6.6E+25 6.5
-94.43 15.04 18 3.77 -2.65 -1.12 3.81 -2.83 1.39 24 X Y 090695C 6.1E+24 5.8
-94.66 15.37 15 -7.34 3.44 3.90 -4.89 -5.63 -5.03 23 X Y 090895E 8.8E+23 5.3
-94.28 15.17 19 0.81 -0.71 -0.10 1.18 -0.78 0.29 24 X Y 091095A 1.6E+24 5.4
-90.86 13.78 72 -1.52 -2.96 4.49 7.27 -4.87 -0.44 23 X Y 091995D 8.9E+23 5.3
-91.15 13.13 16 1.09 -0.92 -0.17 1.47 -0.73 0.39 24 X Y 092295F 2.0E+24 5.5
-93.42 16.67 164 0.38 -1.87 1.49 4.76 -4.95 -0.78 26 X Y 102195C 7.5E+26 7.2
-88.58 12.14 15 3.16 -3.98 0.82 6.97 -2.67 1.49 23 X Y 102295A 7.8E+23 5.2
-90.11 15.29 15 0.08 -0.16 0.08 0.16 -0.40 1.23 24 X Y 121995B 1.2E+24 5.4
-82.96 18.03 15 0.93 -1.10 0.17 0.39 -0.89 0.30 24 X Y 122595F 1.5E+24 5.4
-69.94 9.98 15 -0.00 0.57 -0.57 -1.06 -1.72 -3.70 24 X Y 122995A 3.8E+24 5.7
-59.31 14.39 48 3.14 -7.79 4.65 -0.23 0.67 4.01 23 X Y 122995B 5.9E+23 5.1
-69.91 9.86 15 0.01 0.63 -0.63 0.03 0.43 -1.20 24 X Y 123195B 1.4E+24 5.4
-91.56 12.77 15 -4.01 4.13 -0.13 0.70 -1.54 -2.49 24 X Y 022596E 5.5E+24 5.8
-87.13 11.55 36 6.83 -4.61 -2.21 5.08 -2.21 3.71 25 X Y 030396B 8.8E+25 6.6
-87.31 11.76 39 1.02 -0.73 -0.29 0.65 -0.34 0.49 26 X Y 030396D 1.3E+26 6.7
-86.94 11.64 36 4.78 -3.10 -1.68 1.01 -6.82 2.04 23 X Y 030596D 9.1E+23 5.3
-88.61 11.73 15 -1.27 0.70 0.57 -0.36 0.07 -0.66 25 X Y 032796E 1.3E+25 6.1
-93.67 14.41 15 1.24 -0.89 -0.35 0.54 -1.07 0.42 24 X Y 040196B 1.8E+24 5.5
-93.85 14.57 16 2.93 -2.33 -0.60 3.21 -2.84 1.26 24 X Y 040196C 5.2E+24 5.8
-70.01 18.77 60 5.57 -4.68 -0.89 -1.02 -0.87 1.40 23 X Y 042496E 5.8E+23 5.1
-65.41 19.54 27 3.43 -4.59 1.16 -2.62 -0.03 3.10 23 X Y 051196A 4.5E+23 5.1
-76.74 7.53 34 5.59 -7.79 2.20 -0.33 4.74 -2.60 23 X Y 051396B 9.1E+23 5.3
-77.56 6.06 16 1.06 -0.09 -0.98 0.23 -3.68 0.13 24 X Y 052396A 3.9E+24 5.7
-89.24 12.85 66 -2.73 1.89 0.83 1.23 -0.74 -1.25 24 X Y 072296C 3.1E+24 5.6
-82.51 5.29 15 0.09 0.10 -0.19 1.77 2.07 6.80 24 X Y 082096I 7.7E+24 5.9
-92.04 13.19 15 2.61 -2.38 -0.22 3.00 -0.82 0.95 24 X Y 082796B 4.0E+24 5.7
-84.22 9.23 28 5.65 -5.40 -0.25 4.59 -2.87 2.48 24 X Y 082896F 7.8E+24 5.9
-84.36 9.37 20 1.49 -1.27 -0.22 1.71 -0.52 0.62 25 X Y 090496G 2.3E+25 6.2
-85.82 11.45 184 1.79 -0.66 -1.13 0.96 -1.70 0.93 24 X Y 091896G 2.6E+24 5.6
-61.22 15.39 139 -2.75 2.73 0.02 -1.42 0.64 1.71 24 X Y 092496C 3.7E+24 5.7
-86.47 11.68 15 1.04 -1.28 0.24 3.08 -3.03 0.31 24 X Y 092896F 4.6E+24 5.7
-86.31 16.81 15 0.04 -1.67 1.63 -0.73 0.07 1.78 24 X Y 100596B 2.4E+24 5.6
-92.06 13.92 15 4.22 -3.63 -0.59 4.77 -5.96 -0.04 23 X Y 101696B 9.5E+23 5.3
-77.21 7.47 15 2.02 -0.45 -1.56 1.58 0.03 -1.87 25 X Y 110496I 3.0E+25 6.3
-86.55 10.78 34 6.72 -5.21 -1.51 5.26 -3.41 4.00 24 X Y 111796G 9.1E+24 5.9
-92.74 14.48 46 4.22 -3.87 -0.35 1.99 -1.39 2.12 24 X Y 120596C 4.8E+24 5.8
-89.32 12.22 15 1.63 -1.76 0.13 1.69 -1.25 0.69 24 X Y 121096D 2.7E+24 5.6
-89.41 12.25 15 2.35 -1.85 -0.50 3.01 -2.74 0.68 24 X Y 121496E 4.8E+24 5.8
-89.48 12.13 15 1.92 -1.66 -0.25 1.48 -1.97 0.80 24 X Y 121796C 3.3E+24 5.6
-90.47 12.84 23 1.64 -1.68 0.04 0.96 -0.84 0.87 24 X Y 121996A 2.1E+24 5.5
-87.05 11.28 42 9.74 -6.35 -3.40 4.11 -5.03 5.68 23 X Y 122196D 1.2E+24 5.3
-93.18 15.83 82 -2.46 1.26 1.21 2.17 -1.96 -1.76 25 X Y 123196C 4.3E+25 6.4
-72.91 6.98 164 0.63 -1.23 0.60 -0.34 -0.25 0.03 24 X Y 010197A 9.0E+23 5.3
-71.90 17.61 15 4.75 -3.51 -1.24 9.67 -9.53 -0.91 23 X Y 010897A 1.6E+24 5.4
-62.84 19.01 31 0.67 -0.57 -0.09 -1.19 1.31 0.18 24 X Y 031797B 2.0E+24 5.5
-82.50 5.60 15 -0.08 -0.04 0.12 0.00 0.00 1.33 24 X Y 032097D 1.4E+24 5.4
-82.21 7.70 23 -0.03 -0.29 0.32 0.23 0.36 1.47 25 X Y 040197C 1.6E+25 6.1
-60.74 11.39 34 -0.08 -0.57 0.64 0.63 -0.19 1.21 25 X Y 040297C 1.4E+25 6.1
-86.93 11.26 30 1.43 -1.10 -0.33 1.34 -1.18 0.93 24 X Y 040797B 2.2E+24 5.5
-61.04 11.33 15 -1.44 1.38 0.07 -0.18 0.41 -0.90 24 X Y 040897F 1.9E+24 5.5
-87.03 16.54 27 0.11 -1.63 1.52 0.39 -0.37 1.39 24 X Y 041597D 2.1E+24 5.5
-69.63 10.69 15 0.19 -5.43 5.24 1.48 -5.47 -4.91 23 X Y 041597I 1.0E+24 5.3
-61.05 11.28 15 -6.26 9.30 -3.04 -3.00 6.74 -2.40 25 X Y 042297C 1.1E+26 6.7
-90.55 13.29 34 3.88 -4.27 0.39 3.54 -1.21 2.54 23 X Y 050297B 5.2E+23 5.1
-61.12 11.20 15 -1.64 1.87 -0.23 -0.26 1.09 -0.44 24 X Y 050497A 2.0E+24 5.5
-87.73 11.69 44 2.12 -2.64 0.52 1.30 -0.73 1.30 24 X Y 050897F 2.5E+24 5.6
-89.85 14.53 273 0.48 -0.20 -0.28 0.90 -1.75 0.12 24 X Y 051597B 2.1E+24 5.5
-82.27 6.57 15 -0.17 0.74 -0.57 2.15 0.95 5.10 24 X Y 051997B 6.0E+24 5.8
-83.33 10.84 15 7.84 -7.03 -0.81 -3.99 -2.67 3.86 23 X Y 062397A 1.0E+24 5.3
-88.00 16.00 15 -0.40 -4.67 5.07 -1.92 0.38 3.60 24 X Y 070697C 6.3E+24 5.8
-63.63 10.70 15 -0.25 0.57 -0.32 -0.12 1.43 -2.69 26 X Y 070997C 3.2E+26 7.0
-89.91 13.40 38 -1.13 2.41 -1.28 1.38 -1.31 -0.47 24 X Y 082497A 3.1E+24 5.6
-77.82 5.47 24 2.80 0.96 -3.76 -2.59 -3.19 -0.38 23 X Y 090997A 5.3E+23 5.1
-93.46 14.29 28 1.47 -1.31 -0.16 1.62 -0.84 0.76 24 X Y 092297C 2.3E+24 5.5
-93.24 14.53 48 7.32 -7.74 0.42 1.85 -2.20 3.16 23 X Y 092997A 8.0E+23 5.2
-88.67 11.71 16 -1.12 0.89 0.24 -0.23 0.06 -0.56 24 X Y 100597C 1.2E+24 5.4
-86.19 11.40 131 1.48 -0.41 -1.07 0.74 -1.91 -1.09 24 X Y 110697A 2.9E+24 5.6
-89.30 13.88 178 2.07 -1.09 -0.98 2.38 -2.38 0.74 25 X Y 110997C 4.0E+25 6.4
-86.62 10.66 44 1.12 -0.28 -0.83 2.69 -2.97 1.40 24 X Y 112997C 3.9E+24 5.7
-91.25 13.56 36 7.56 -6.32 -1.24 4.82 -3.50 3.73 24 X Y 120497C 9.6E+24 6.0
-91.21 13.49 48 1.14 -1.32 0.18 0.75 -0.65 0.81 24 X Y 120497D 1.5E+24 5.4
-89.19 13.94 178 6.43 -2.52 -3.90 6.90 -6.67 2.13 24 X Y 121897C 1.2E+25 6.0
-90.84 13.62 56 5.46 -8.52 3.07 9.06 -7.90 2.97 24 X Y 122297D 1.4E+25 6.1
-92.71 14.15 33 4.62 -4.53 -0.09 3.37 -1.93 2.02 24 X Y 122597A 6.0E+24 5.8
-91.93 14.37 55 -2.15 -1.19 3.34 6.02 -5.43 -2.95 25 X Y 011098D 9.8E+25 6.6
-91.91 14.23 44 -0.60 -0.05 0.65 1.03 -0.82 -0.40 25 X Y 030398A 1.5E+25 6.1
-91.73 13.81 89 -9.91 7.44 2.48 9.71 2.22 -5.87 23 X Y 030398B 1.4E+24 5.4
-63.21 20.33 34 -3.81 1.78 2.02 -0.45 2.78 -1.55 23 X Y 030598D 4.2E+23 5.0
-93.33 14.32 33 3.69 -2.76 -0.93 3.79 -0.83 0.60 23 X Y 031298C 5.5E+23 5.1
-93.38 14.11 17 1.19 -0.98 -0.21 1.27 -0.65 0.39 24 X Y 031398B 1.9E+24 5.5
-92.02 14.15 52 -1.53 -0.10 1.63 1.74 -1.09 -0.87 24 X Y 040798B 2.7E+24 5.6
-84.83 9.48 15 -4.65 8.37 -3.72 -2.71 3.67 1.12 23 X Y 041298D 8.9E+23 5.3
-94.17 17.77 75 5.46 -0.64 -4.82 -1.53 1.98 -4.41 23 X Y 042598C 6.7E+23 5.2
-91.30 13.42 37 1.33 -1.40 0.07 0.55 -0.41 0.56 24 X Y 050998G 1.5E+24 5.4
-91.35 13.59 25 2.40 -2.15 -0.24 2.28 -1.50 0.90 25 X Y 051098B 3.6E+25 6.3
-91.44 13.64 38 1.73 -1.90 0.18 1.21 -0.77 0.90 24 X Y 051298A 2.2E+24 5.5
-88.08 12.77 98 0.12 -0.35 0.23 1.50 -0.54 0.05 24 X Y 060298B 1.5E+24 5.4
-93.99 15.96 76 -0.00 0.04 -0.04 1.57 -2.17 0.13 25 X Y 060798C 2.6E+25 6.2
-88.79 12.87 75 3.78 -5.52 1.74 2.12 -2.59 1.87 23 X Y 062198A 5.6E+23 5.1
-76.30 10.73 20 -1.33 0.25 1.08 -0.26 -0.59 3.87 24 X Y 062398A 4.6E+24 5.7
-61.67 17.75 27 1.63 -0.37 -1.26 -1.18 2.01 0.86 24 X Y 062598F 2.8E+24 5.6
-86.93 11.30 43 -3.60 -0.87 4.47 6.26 -3.56 -1.84 23 X Y 072898C 8.1E+23 5.2
-82.76 8.41 28 8.29 -3.16 -5.13 2.77 -2.87 4.21 23 X Y 080498A 9.2E+23 5.3
-70.50 19.46 52 0.28 -3.68 3.40 2.07 -4.11 2.09 23 X Y 081098B 6.3E+23 5.2
-88.55 11.58 15 -1.19 0.68 0.51 -0.12 -0.22 -0.62 26 X Y 082398C 1.2E+26 6.7
-82.47 9.65 29 9.22 -4.25 -4.97 -8.82 -1.98 4.42 23 X Y 100198F 1.4E+24 5.4
-86.93 11.08 33 8.05 -5.95 -2.11 7.74 -5.07 4.21 24 X Y 100998C 1.2E+25 6.0
-82.83 7.68 15 -0.64 -0.92 1.56 2.55 -0.39 4.28 24 X Y 111798B 5.1E+24 5.8
-64.27 18.98 15 -1.17 0.86 0.31 -0.44 0.64 0.53 24 X Y 120898A 1.2E+24 5.3
-85.89 17.09 24 0.37 -1.71 1.34 -0.15 0.43 2.24 24 X Y 121798B 2.6E+24 5.6
-63.76 10.86 15 -0.41 -0.03 0.44 0.03 0.82 -1.07 24 X Y 122698B 1.5E+24 5.4
-92.24 14.18 47 6.11 -8.14 2.03 4.30 -3.11 3.53 23 X Y 123098D 8.1E+23 5.2
-78.00 7.37 17 0.11 -0.10 -0.00 -0.08 -0.37 -1.69 24 X Y 010499A 1.7E+24 5.4
-67.33 18.93 15 -3.66 1.95 1.72 0.15 -0.14 0.74 23 X Y 011899E 2.6E+23 4.9
-82.59 6.55 15 0.22 -1.01 0.79 0.90 0.16 4.43 24 X Y 012799E 4.5E+24 5.7
-87.13 15.70 15 -9.05 1.67 7.38 -2.11 -0.47 -0.22 23 X Y 021699B 7.4E+23 5.2
-91.11 13.15 38 8.96 -6.84 -2.12 2.78 -1.83 1.51 23 X Y 022499F 9.6E+23 5.3
-73.85 9.70 61 0.83 0.89 -1.72 -3.86 -1.33 5.00 23 X Y 031899F 7.2E+23 5.2
-70.21 10.83 15 -0.52 0.03 0.49 -0.61 -0.92 -4.69 24 X Y 033099A 5.0E+24 5.8
-82.46 5.86 17 -0.34 0.22 0.11 0.35 -0.27 4.11 25 X Y 033199A 4.3E+25 6.4
-87.71 13.51 24 -0.10 -0.81 0.91 -0.03 0.33 -1.04 24 X Y 040399B 1.5E+24 5.4
-87.57 13.53 28 -0.47 -5.86 6.33 1.18 5.07 -6.88 24 X Y 040399D 1.1E+25 6.0
-94.86 14.63 15 -1.79 1.34 0.45 -0.33 -0.22 -0.91 25 X Y 050599E 1.9E+25 6.2
-86.70 11.48 72 0.64 -4.05 3.41 3.66 -1.38 -2.23 23 X Y 050799E 5.4E+23 5.1
-86.73 11.02 54 3.54 -3.48 -0.05 -3.75 -3.26 2.47 23 X Y 050899C 7.3E+23 5.2
-92.38 14.19 32 1.08 -0.96 -0.12 0.61 -0.45 0.45 25 X Y 050899H 1.3E+25 6.0
-87.78 12.39 69 5.94 -3.92 -2.02 7.16 -3.77 3.40 23 X Y 052899A 1.0E+24 5.3
-82.23 7.23 15 1.05 1.38 -2.43 -2.84 1.10 6.50 23 X Y 060399B 6.7E+23 5.2
-91.43 14.01 38 -0.60 -0.51 1.10 -2.31 -0.26 -1.26 25 X Y 060699C 2.3E+25 6.2
-60.24 15.06 37 1.89 -1.93 0.04 -5.34 -1.60 2.49 24 X Y 060899A 6.8E+24 5.9
-91.73 14.02 47 -3.65 -0.42 4.07 4.93 -3.65 -2.29 23 X Y 062599A 7.7E+23 5.2
-60.32 16.90 15 0.97 -4.91 3.95 -2.21 3.13 -4.48 23 X Y 071199A 7.9E+23 5.2
-88.53 16.04 15 0.06 -0.58 0.52 0.32 -0.18 1.03 26 X Y 071199B 1.1E+26 6.7
-90.79 13.53 66 -2.41 2.00 0.41 1.02 -0.78 -1.36 24 X Y 071399C 3.1E+24 5.6
-82.52 5.09 15 0.10 0.19 -0.28 0.67 -0.05 1.95 24 X Y 073199B 2.0E+24 5.5
-87.08 12.48 15 -0.75 -2.83 3.57 -1.16 -5.34 -3.26 23 X Y 080599C 7.6E+23 5.2
-86.54 12.61 15 -1.23 -4.80 6.03 -3.46 -1.48 0.41 23 X Y 080599E 6.4E+23 5.2
-86.69 12.26 15 -2.24 -2.64 4.88 -1.30 -2.88 -2.40 23 X Y 080599F 6.3E+23 5.2
-86.64 12.64 15 -2.50 -4.89 7.39 -1.08 1.37 -4.39 23 X Y 080699B 9.0E+23 5.3
-84.21 9.50 28 1.28 -0.60 -0.68 1.12 -1.87 0.84 24 X Y 081099D 2.5E+24 5.6
-84.10 9.28 24 2.05 -1.56 -0.49 1.52 -0.50 0.88 26 X Y 082099C 2.6E+26 6.9
-83.97 9.07 15 4.00 -3.49 -0.52 3.36 -1.32 1.60 24 X Y 082199C 5.4E+24 5.8
-61.46 16.95 41 0.70 -0.06 -0.64 -0.42 1.06 -0.03 24 X Y 082899B 1.4E+24 5.4
-73.15 6.90 160 0.71 0.47 -1.19 0.37 -1.01 -0.62 24 X Y 110899B 1.5E+24 5.4
-87.42 10.77 33 -5.97 3.18 2.79 -4.52 2.79 -2.78 23 X Y 110999F 7.8E+23 5.2
-82.31 17.94 15 -0.13 -1.14 1.27 1.15 -0.23 2.67 25 X Y 120199D 3.1E+25 6.3
-70.22 11.03 15 -0.09 -0.20 0.29 -0.01 0.88 -1.64 24 X Y 120299A 1.9E+24 5.5
-82.39 18.24 15 2.52 -6.99 4.46 -3.96 -4.30 2.20 23 X Y 120299C 9.0E+23 5.3
-91.34 14.54 150 1.13 -2.52 1.39 3.10 -3.54 0.03 24 X Y 121299E 5.4E+24 5.8
-85.53 17.33 15 0.31 -1.42 1.12 -0.64 0.61 1.82 24 X Y 121599A 2.1E+24 5.5
-61.66 17.41 54 8.28 -3.82 -4.45 -2.61 9.16 3.65 23 X Y 122099C 1.3E+24 5.4
-82.52 5.49 15 -0.00 0.03 -0.03 0.51 -0.13 1.83 25 X Y 122899B 1.9E+25 6.1
-71.94 6.87 31 2.03 -0.12 -1.92 0.04 1.74 0.56 24 X Y 011700B 2.7E+24 5.6
-88.98 12.69 65 4.21 -5.21 1.00 -1.64 -3.19 2.92 23 X Y 020100B 6.9E+23 5.2
-61.00 17.92 15 0.41 -0.11 -0.31 -0.43 1.02 0.20 24 X Y 021600A 1.2E+24 5.3
-84.17 8.85 16 -2.37 2.09 0.28 -2.38 0.84 -0.52 24 X Y 022000A 3.3E+24 5.6
-60.43 17.37 28 0.76 -0.13 -0.63 -1.13 1.25 0.34 24 X Y 022300C 1.9E+24 5.5
-78.47 9.45 68 -0.96 -0.23 1.18 0.54 -0.95 0.55 25 X Y 022600F 1.6E+25 6.1
-82.88 7.96 15 1.14 -0.43 -0.72 0.62 -0.61 0.64 24 X Y 022700D 1.4E+24 5.4
-93.02 14.84 67 1.02 -1.42 0.40 1.95 -2.03 0.52 25 X Y 031200D 3.1E+25 6.3
-77.61 5.69 15 -4.99 1.50 3.48 -3.17 6.95 -1.07 23 X Y 031900A 8.3E+23 5.2
-91.53 13.72 38 0.42 -0.44 0.02 1.01 -0.17 0.45 24 X Y 032800A 1.1E+24 5.3
-87.48 11.51 40 4.83 -3.67 -1.15 2.67 -4.01 2.84 23 X Y 052700B 7.0E+23 5.2
-92.44 14.13 42 1.75 -1.76 0.01 0.78 -0.72 0.71 24 X Y 060800H 2.1E+24 5.5
-92.44 14.05 40 7.47 -6.98 -0.49 4.94 -3.61 3.46 23 X Y 060800N 9.6E+23 5.3
-86.31 12.23 24 -0.10 -1.38 1.49 0.33 -0.16 -0.45 24 X Y 070600J 1.6E+24 5.4
-86.01 11.89 17 -1.49 -3.04 4.53 -2.19 -1.52 -2.79 23 X Y 070600K 5.5E+23 5.1
-86.13 11.70 21 -1.26 -4.66 5.92 -1.96 3.56 3.06 23 X Y 070800A 7.8E+23 5.2
-77.80 6.54 15 -7.64 1.77 5.86 0.48 4.12 -3.08 23 X Y 071200K 8.3E+23 5.2
-85.66 9.30 15 -4.93 4.50 0.43 0.53 0.32 -1.26 25 X Y 072100A 4.9E+25 6.4
-85.59 9.38 26 -1.39 0.99 0.40 -1.27 0.51 -0.57 24 X Y 072100E 1.9E+24 5.5
-85.49 9.88 15 -4.97 3.24 1.73 3.92 1.54 1.71 23 X Y 072400E 5.9E+23 5.1
-91.63 13.98 31 5.28 -5.20 -0.09 2.27 -2.83 1.49 23 X Y 072700D 6.7E+23 5.2
-79.63 7.22 15 -0.67 -2.16 2.83 0.06 -5.19 5.01 23 X Y 073100A 8.2E+23 5.2
-90.78 13.64 49 -2.57 3.40 -0.83 5.49 0.83 -1.92 23 X Y 080200A 6.9E+23 5.2
-82.81 11.96 15 -1.39 -0.23 1.62 2.03 1.18 7.87 23 X Y 081300B 9.1E+23 5.3
-82.89 11.88 15 -0.30 -0.25 0.55 0.66 0.18 1.68 24 X Y 081300C 2.0E+24 5.5
-86.51 11.26 66 9.01 -4.65 -4.36 6.72 -5.97 5.97 23 X Y 091000M 1.3E+24 5.4
-62.29 11.16 110 1.32 -1.52 0.21 0.23 1.25 -0.86 25 X Y 100400E 2.2E+25 6.2
-92.48 15.68 180 1.78 -3.43 1.66 2.13 -4.85 0.09 24 X Y 101700C 6.8E+24 5.9
-61.24 17.76 18 1.87 -0.44 -1.43 -1.04 2.23 1.18 24 X Y 102700D 3.0E+24 5.6
-61.23 17.46 22 1.99 -0.68 -1.31 -4.24 3.70 1.22 24 X Y 103000B 5.9E+24 5.8
-77.99 7.12 17 3.62 0.67 -4.29 0.11 -5.59 1.82 25 X Y 110800A 6.6E+25 6.5
-94.00 14.86 36 6.08 -4.08 -2.00 5.88 -6.62 3.80 24 X Y 120400B 1.1E+25 6.0
-66.97 19.36 15 0.45 -0.30 -0.15 -0.67 1.62 0.69 24 X Y 121100E 1.8E+24 5.5
-82.60 5.78 15 -0.01 0.03 -0.02 0.24 -0.05 1.72 25 X Y 121200B 1.7E+25 6.1
-78.02 7.17 27 0.61 0.25 -0.86 -0.12 -1.03 0.49 24 X Y 121600A 1.3E+24 5.4
-85.50 9.00 34 -0.83 1.19 -0.36 0.98 0.72 -0.51 24 X Y 122000F 1.6E+24 5.4
-61.03 16.11 15 -3.04 2.32 0.73 -1.07 -1.90 -2.40 24 X Y 010501B 4.1E+24 5.7
-93.44 15.21 94 1.14 -1.43 0.29 1.42 -1.76 0.99 24 X Y 010901A 2.6E+24 5.6
-89.13 12.97 56 -4.24 2.92 1.32 1.20 -1.12 -2.01 27 X Y 011301C 4.6E+27 7.7
-89.09 12.80 59 0.50 -3.22 2.73 -1.22 1.78 -0.97 24 X Y 011401C 4.0E+24 5.7
-88.54 13.41 45 -4.73 5.57 -0.83 3.74 -6.74 -2.18 23 X Y 011501A 9.0E+23 5.3
-89.40 12.73 39 0.71 -0.56 -0.16 1.93 -1.95 0.82 24 X Y 011501B 2.7E+24 5.6
-89.06 12.95 56 2.22 -2.20 -0.02 3.67 -3.82 1.53 24 X Y 011501F 5.7E+24 5.8
-89.47 12.74 37 1.54 -1.95 0.41 2.28 -1.93 0.68 24 X Y 011601A 3.4E+24 5.7
-89.00 12.88 44 -0.06 -2.31 2.37 -1.54 1.95 -0.96 24 X Y 011601B 3.9E+24 5.7
-89.40 12.91 36 7.84 -9.94 2.11 9.95 -7.06 1.70 23 X Y 011701A 1.5E+24 5.4
-92.93 15.33 69 -4.08 0.82 3.26 6.28 -8.63 -3.95 24 X Y 011901A 1.3E+25 6.0
-91.56 13.75 54 -4.70 2.54 2.17 3.09 -2.50 -3.16 24 X Y 012301D 6.9E+24 5.9
-89.55 12.76 32 1.14 -1.29 0.15 1.59 -1.43 0.68 24 X Y 012501C 2.4E+24 5.6
-89.50 13.01 52 2.96 -2.66 -0.31 0.88 -1.13 1.62 24 X Y 020201C 3.3E+24 5.6
-82.63 5.03 15 -0.44 1.41 -0.96 6.19 3.84 7.39 23 X Y 020201D 1.2E+24 5.4
-89.20 13.02 66 0.28 -3.32 3.04 4.24 -2.56 0.22 24 X Y 020701C 5.2E+24 5.8
-88.97 13.98 15 -0.39 -1.61 2.00 -0.63 2.41 -7.50 25 X Y 021301B 8.5E+25 6.6
-89.06 12.77 15 -0.60 0.56 0.04 -1.10 1.17 -0.10 24 X Y 021701B 1.6E+24 5.4
-83.71 17.41 15 0.09 -0.63 0.53 -0.19 0.71 1.56 24 X Y 022201C 1.8E+24 5.5
-89.43 12.84 36 4.03 -4.34 0.31 5.59 -4.92 2.38 24 X Y 031601A 8.4E+24 5.9
-88.14 12.37 48 3.95 -3.26 -0.69 1.15 -0.89 1.70 24 X Y 031801B 4.2E+24 5.7
-89.25 12.73 35 -1.25 0.37 0.88 -3.50 3.23 -1.02 24 X Y 032901B 5.2E+24 5.8
-60.98 16.06 32 -4.53 2.42 2.11 -2.23 -3.71 0.08 23 X Y 040501B 4.4E+23 5.1
-89.33 12.84 55 4.56 -5.16 0.60 2.01 -0.20 1.72 23 X Y 041001A 5.0E+23 5.1
-81.97 18.69 15 -4.37 0.24 4.12 -0.37 -3.95 -1.61 23 X Y 041201B 6.0E+23 5.2
-86.98 12.12 104 0.48 1.61 -2.09 9.45 -9.89 -4.10 23 X Y 041201F 1.6E+24 5.4
-91.72 13.08 17 -1.24 0.99 0.24 0.27 0.05 -0.57 24 X Y 041601B 1.3E+24 5.4
-92.19 13.79 37 1.03 -1.09 0.06 0.69 -0.61 0.34 24 X Y 050501C 1.4E+24 5.4
-93.77 14.92 16 1.99 -6.37 4.38 4.26 2.00 1.38 23 X Y 050501D 6.5E+23 5.2
-88.92 13.82 26 -0.11 -1.56 1.67 0.15 0.36 -3.72 24 X Y 050801D 4.1E+24 5.7
-88.47 12.56 66 -1.34 8.68 -7.34 2.70 -3.89 -3.15 23 X Y 060201A 1.0E+24 5.3
-90.59 15.79 32 0.73 -0.43 -0.30 1.07 -3.07 6.32 23 X Y 062501I 6.4E+23 5.2
-70.41 11.40 32 -0.72 -1.88 2.61 -9.57 3.45 -4.02 23 X Y 062801D 1.1E+24 5.3
-87.89 12.15 61 2.88 -8.94 6.06 6.32 -4.47 3.19 23 X Y 070701A 9.3E+23 5.3
-79.76 7.18 15 -0.33 -3.26 3.58 -0.58 -1.25 9.47 23 X Y 071401C 1.0E+24 5.3
-79.84 7.17 15 0.03 0.31 -0.34 0.00 0.00 5.35 23 X Y 071401D 5.3E+23 5.1
-83.97 9.00 15 8.18 -6.05 -2.13 7.81 -5.27 3.22 23 X Y 072301G 1.3E+24 5.4
-92.43 13.92 23 1.32 -1.18 -0.14 0.99 -0.52 0.63 24 X Y 081001A 1.7E+24 5.5
-92.36 13.99 37 6.56 -7.09 0.53 7.33 -3.76 2.44 23 X Y 081101B 1.0E+24 5.3
-87.27 11.30 25 1.92 -1.51 -0.41 1.67 -1.00 1.07 24 X Y 081201F 2.7E+24 5.6
-82.83 7.48 16 -0.12 -0.34 0.46 0.32 0.07 1.28 25 X Y 082501A 1.4E+25 6.1
-93.88 16.32 92 -6.86 4.18 2.69 8.06 -3.98 -2.83 23 X Y 082801F 1.1E+24 5.3
-74.83 8.58 34 0.62 4.97 -5.60 -0.86 -1.03 0.91 23 X Y 090801B 5.2E+23 5.1
-91.89 15.11 158 0.02 -0.78 0.76 2.05 -2.17 -0.34 24 X Y 091101C 3.3E+24 5.6
-89.28 12.74 37 1.13 -0.76 -0.37 1.20 -0.91 0.65 24 X Y 091801F 1.9E+24 5.5
-61.36 17.17 35 8.45 -1.61 -6.85 -5.73 9.88 3.72 23 X Y 092501D 1.4E+24 5.4
-65.13 19.00 15 -0.08 -0.45 0.53 -1.29 2.43 0.22 24 X Y 101601B 2.8E+24 5.6
-64.78 19.19 15 2.21 -1.99 -0.22 -4.36 5.11 1.46 24 X Y 101701B 7.1E+24 5.9
-64.36 19.75 15 0.94 -1.70 0.76 1.72 2.97 1.51 23 X Y 102401B 4.6E+23 5.1
-82.10 9.91 17 1.00 -0.86 -0.14 0.83 0.04 0.60 25 X Y 110901A 1.4E+25 6.1
-72.90 6.74 154 0.21 8.69 -8.91 -1.56 -3.44 -3.25 23 X Y 111901D 9.4E+23 5.3
-93.40 15.78 65 -2.21 1.66 0.55 3.32 -1.97 -1.40 25 X Y 112801C 4.7E+25 6.4
-60.87 16.89 28 3.36 -0.56 -2.80 -3.00 2.58 1.87 23 X Y 120701F 5.3E+23 5.1
-93.87 17.57 177 -4.97 0.30 4.67 7.15 -1.93 -2.85 23 X Y 121901A 8.4E+23 5.3
-71.11 8.40 23 0.26 2.00 -2.25 -1.74 0.71 -0.82 24 X Y 122101B 3.3E+24 5.6
-88.11 12.40 52 3.12 -2.55 -0.57 0.53 -1.00 1.27 24 X Y 010602G 3.4E+24 5.7
-85.59 11.77 158 5.21 -9.61 4.40 5.38 -3.92 0.52 23 X Y 011502H 9.5E+23 5.3
-93.44 15.69 56 -1.06 0.80 0.26 3.55 -2.60 -0.43 25 X Y 011602G 4.5E+25 6.4
-85.27 10.32 15 0.03 -0.57 0.53 -1.47 0.03 0.09 24 X Y 012802A 1.2E+24 5.4
-82.46 9.69 15 3.74 -2.10 -1.64 2.22 -1.72 1.77 23 X Y 020302G 4.7E+23 5.1
-92.77 15.96 239 -0.18 -0.28 0.45 -0.75 1.21 0.20 24 X Y 020802B 1.4E+24 5.4
-92.89 14.83 92 0.21 -1.46 1.24 3.67 -3.70 0.58 24 X Y 021402E 5.2E+24 5.8
-64.09 19.05 33 2.95 1.09 -4.03 -2.75 0.18 2.30 23 X Y 031102B 5.1E+23 5.1
-78.85 8.36 15 -2.79 -3.08 5.87 -1.63 5.54 5.04 23 X Y 031602C 9.8E+23 5.3
-88.19 12.51 54 1.17 -0.93 -0.25 0.32 -0.22 0.44 24 X Y 031702E 1.2E+24 5.4
-92.95 14.64 32 -2.12 1.62 0.51 -0.58 0.93 -0.84 24 X Y 033102E 2.3E+24 5.5
-94.72 15.62 33 4.90 -3.89 -1.01 3.19 -1.02 2.43 23 X Y 040802C 5.9E+23 5.1
-92.26 14.53 46 3.61 -3.42 -0.19 0.99 -0.73 1.32 23 X Y 041302C 3.8E+23 5.0
-73.90 6.59 15 4.15 1.10 -5.25 -2.77 2.36 -0.09 23 X Y 042602A 6.2E+23 5.2
-81.93 17.79 15 0.37 -1.13 0.76 1.02 0.57 3.10 24 X Y 052102B 3.4E+24 5.7
-77.69 8.51 62 0.56 -0.23 -0.32 -1.28 0.28 2.82 24 X Y 060702A 2.8E+24 5.6
-87.54 11.04 18 1.27 -0.89 -0.38 1.70 -0.83 0.50 24 X Y 061002C 2.3E+24 5.5
-87.42 11.17 17 1.56 -1.00 -0.56 2.03 -2.30 0.69 24 X Y 061002D 3.5E+24 5.7
-94.52 17.61 144 1.09 1.35 -2.45 7.81 -1.04 -7.08 23 X Y 061102B 1.2E+24 5.3
-84.14 8.70 15 2.05 -1.56 -0.49 3.77 -1.46 0.79 25 X Y 061602B 4.6E+25 6.4
-91.25 14.00 71 -6.18 2.25 3.93 3.41 -3.88 -2.86 23 X Y 062502D 8.0E+23 5.2
-94.66 14.80 26 -1.46 1.06 0.40 -0.68 0.62 -0.63 24 X Y 062602D 1.7E+24 5.5
-77.07 5.32 15 -2.88 1.52 1.36 -5.68 -3.33 0.76 23 X Y 070202C 6.7E+23 5.2
-82.92 8.11 17 1.25 -2.62 1.37 1.05 -1.70 5.64 25 X Y 073102A 5.5E+25 6.5
-82.60 7.93 15 4.56 -6.22 1.66 2.13 -4.55 5.94 23 X Y 073102C 8.2E+23 5.2
-82.91 7.76 15 -2.06 -1.99 4.05 0.00 0.00 6.37 23 X Y 080102A 8.1E+23 5.2
-87.08 11.91 69 -7.50 2.49 5.01 -0.95 -0.69 -1.80 23 X Y 080202C 5.9E+23 5.1
-83.02 8.21 15 1.45 3.58 -5.02 0.99 0.77 4.47 24 X Y 080302B 5.8E+24 5.8
-88.02 11.24 15 -2.27 1.33 0.94 -0.91 -0.81 -1.00 24 X Y 080402A 2.2E+24 5.5
-82.82 7.78 15 -0.39 -3.16 3.55 4.83 -1.43 7.18 24 X Y 080702E 8.4E+24 5.9
-77.62 5.17 22 -2.91 1.18 1.73 2.22 -0.26 3.12 24 X Y 080802D 4.8E+24 5.8
-84.13 9.05 50 4.28 -4.61 0.33 3.62 -2.99 3.14 23 X Y 092902E 6.2E+23 5.2
-63.14 18.54 15 3.20 -1.23 -1.97 -3.49 8.07 -1.18 23 X Y 100102C 1.0E+24 5.3
-91.64 13.76 19 7.91 -6.88 -1.03 6.11 -4.17 3.09 24 X Y 110902A 1.1E+25 6.0
-64.24 18.85 33 1.63 2.16 -3.79 -3.69 4.37 2.74 23 X Y 111302F 5.7E+23 5.1
-82.02 7.05 15 0.02 2.16 -2.18 1.95 2.60 4.07 23 X Y 111902B 6.1E+23 5.2
-88.54 12.65 25 4.35 -2.30 -2.05 2.67 -2.58 0.29 23 X Y 112002A 6.0E+23 5.2
-82.33 12.35 15 -2.20 -0.78 2.98 -1.36 0.53 3.84 24 X Y 112102C 5.4E+24 5.8
-62.26 18.14 31 0.49 -0.19 -0.30 -0.39 1.11 0.14 24 X Y 122102E 1.3E+24 5.4
-85.74 17.02 21 -0.17 -4.24 4.42 -0.40 1.29 5.78 24 X Y 122302C 7.4E+24 5.9
-77.40 6.10 25 0.37 -3.31 2.95 0.04 0.99 -1.86 24 X Y 010803C 3.7E+24 5.7
-91.31 13.53 41 4.83 -3.91 -0.92 1.76 -1.47 1.93 25 X Y 012103B 5.4E+25 6.5
-91.40 13.42 55 0.97 -1.24 0.27 0.58 -0.36 0.65 24 X Y 012103D 1.2E+24 5.3
-85.91 9.82 35 0.67 -0.47 -0.20 0.82 -0.30 0.32 24 X Y 013103B 1.1E+24 5.3
-85.90 10.08 54 0.72 -0.21 -0.51 0.78 -0.04 0.27 24 X Y 013103C 1.2E+24 5.3
-81.76 7.45 23 -0.24 1.48 -1.24 -0.25 -0.34 1.37 24 X Y 020103A 2.1E+24 5.5
-93.23 16.51 209 1.46 -1.11 -0.35 0.02 -4.92 -3.32 24 X Y 020103C 6.2E+24 5.8
-91.57 13.58 44 -0.75 0.72 0.03 1.31 -2.15 -1.12 24 X Y 020503B 3.1E+24 5.6
-89.16 12.60 48 6.20 -5.84 -0.36 1.69 -1.28 1.86 23 X Y 021203A 6.6E+23 5.2
-68.02 18.34 67 3.87 -4.42 0.56 -2.31 2.75 0.60 23 X Y 032103A 5.7E+23 5.1
-82.37 6.91 23 -0.11 0.43 -0.32 0.24 0.09 1.61 25 X Y 041103C 1.7E+25 6.1
-58.72 18.29 40 0.28 -0.85 0.57 0.13 -0.48 -0.41 26 X Y 051403B 1.0E+26 6.6
-82.62 5.48 15 -0.68 0.08 0.59 1.82 2.72 7.46 24 X Y 052303C 8.9E+24 5.9
-59.20 10.55 15 -0.08 -0.54 0.62 -0.15 -0.35 0.75 24 X Y 062103A 1.1E+24 5.3
-61.29 17.28 18 -1.33 -1.74 3.07 -3.00 -0.69 0.28 24 X Y 063003A 3.3E+24 5.6
-90.62 12.82 29 0.74 -0.82 0.07 1.40 -0.65 0.36 24 X Y 071303B 1.7E+24 5.4
-90.55 12.61 22 1.02 -0.82 -0.20 0.67 -0.46 0.53 24 X Y 071303F 1.3E+24 5.4
-79.71 9.69 42 0.36 -1.14 0.78 -0.22 -0.68 0.26 24 X Y 081303B 1.3E+24 5.4
-91.58 13.75 67 -0.98 0.73 0.25 0.20 -0.11 -0.45 25 X Y 082503A 1.0E+25 6.0
-82.16 7.36 15 0.24 2.86 -3.10 1.60 2.58 4.05 23 X Y 090403H 6.1E+23 5.2
-82.16 7.61 15 0.07 1.92 -1.99 0.59 -1.40 3.62 24 X Y 090403I 4.1E+24 5.7
-70.61 19.90 15 1.70 -1.49 -0.21 -4.49 2.11 0.65 25 X Y 092203B 5.2E+25 6.4
-70.76 19.94 15 0.61 -1.20 0.59 -3.03 0.44 0.22 24 X Y 092203C 2.9E+24 5.6
-86.21 10.77 54 2.56 -1.78 -0.78 0.53 -1.97 -1.11 24 X Y 110503A 3.6E+24 5.7
-77.81 5.14 28 -0.64 0.24 0.40 0.59 -0.04 0.46 25 X Y 110503B 8.8E+24 5.9
-87.15 11.49 33 2.37 -1.91 -0.46 4.80 -0.57 1.08 23 X Y 111603E 5.5E+23 5.1
-78.38 19.50 15 -2.96 -0.66 3.62 1.13 -2.04 1.65 23 X Y 112203A 4.5E+23 5.1
-82.81 8.38 30 1.28 2.12 -3.39 0.51 0.24 5.97 25 X Y 122503A 6.0E+25 6.5
-82.85 8.40 40 0.35 1.60 -1.95 0.76 -0.84 0.61 24 X Y 010704D 2.0E+24 5.5
-79.08 5.76 18 -0.22 0.37 -0.15 0.10 0.11 0.96 24 X Y 011204B 1.1E+24 5.3
-62.20 10.94 116 0.65 0.54 -1.18 2.38 0.88 3.81 23 X Y 011504E 5.0E+23 5.1
-83.02 8.45 28 0.00 -0.05 0.04 -0.28 0.52 1.50 25 X Y 020404E 1.5E+25 6.1
-82.57 6.09 18 0.01 -0.12 0.11 0.29 0.26 1.36 24 X Y 021604B 1.5E+24 5.4
-73.90 10.92 54 1.33 -2.15 0.81 -0.18 -0.53 0.09 23 X Y 022004B 1.7E+23 4.8
-92.54 13.62 12 0.67 -0.60 -0.07 0.87 -0.42 0.18 24 X Y 022504D 1.2E+24 5.3
-92.63 13.65 12 2.93 -2.20 -0.73 3.44 -2.25 1.03 24 X Y 022504G 5.1E+24 5.8
-60.74 15.16 47 -1.70 2.32 -0.62 0.02 0.88 -0.43 23 X Y 030104B 2.4E+23 4.9
-87.25 11.45 26 1.15 -0.83 -0.32 1.66 -0.99 0.63 25 X Y 030204A 2.2E+25 6.2
-87.23 11.22 35 3.95 -2.65 -1.30 1.92 -1.35 2.36 23 X Y 030204E 4.6E+23 5.1
-94.36 14.85 12 4.70 -4.03 -0.67 5.14 -3.96 1.87 23 X Y 030304C 8.1E+23 5.2
-62.24 17.61 44 1.41 -0.25 -1.16 -0.21 1.47 1.52 23 X Y 033004A 2.2E+23 4.9
-84.06 8.92 18 1.15 -1.00 -0.15 1.19 -0.48 0.57 24 X Y 040704D 1.7E+24 5.5
-91.88 14.09 45 0.37 -3.91 3.54 -1.80 -1.41 0.99 23 X Y 041904A 4.4E+23 5.1
-94.63 17.50 146 -1.02 -0.33 1.35 0.78 -0.00 -0.69 24 X Y 042004D 1.6E+24 5.4
-87.90 11.81 35 1.79 -1.59 -0.19 1.14 -0.78 1.25 24 X Y 042804C 2.2E+24 5.5
-86.38 10.32 19 1.14 -0.79 -0.35 1.79 -1.05 0.57 25 X Y 042904B 2.4E+25 6.2
-90.87 14.38 96 -1.67 1.13 0.55 2.50 -1.82 -3.09 24 X Y 050304B 5.3E+24 5.8
-93.39 14.28 13 1.31 -1.11 -0.20 1.39 -0.86 0.50 24 X Y 051504B 2.1E+24 5.5
-93.44 14.32 13 4.00 -3.06 -0.93 3.84 -3.26 1.29 23 X Y 051504C 6.6E+23 5.2
-94.28 14.87 13 1.24 -0.77 -0.48 1.18 -1.06 0.54 23 X Y 052504D 2.0E+23 4.8
-83.47 17.62 21 -0.29 -1.98 2.27 0.49 1.23 5.34 24 X Y 060804B 6.2E+24 5.8
-88.22 11.26 15 -0.66 0.46 0.20 -0.37 0.34 -0.29 25 X Y 061004A 8.2E+24 5.9
-83.07 10.10 21 3.40 -2.21 -1.19 -0.73 -0.64 1.94 23 X Y 061004G 3.7E+23 5.0
-73.01 6.82 151 1.20 -0.26 -0.94 1.37 -0.25 1.15 23 X Y 061804E 2.1E+23 4.8
-82.57 5.31 12 -0.28 0.01 0.27 1.05 0.16 6.03 24 X Y 062004B 6.3E+24 5.8
-87.47 10.57 12 -3.16 1.85 1.30 -0.78 0.19 -1.70 25 X Y 062904B 3.4E+25 6.3
-86.89 10.06 12 -4.34 2.17 2.17 -0.07 0.81 -2.13 23 X Y 070104I 4.3E+23 5.1
-79.37 17.87 12 1.62 -2.00 0.38 -0.01 -0.04 0.13 23 X Y 080704A 1.6E+23 4.8
-88.10 12.49 61 -3.15 2.42 0.73 0.87 -1.08 -1.92 23 X Y 082804A 3.9E+23 5.0
-65.50 19.48 17 3.44 -0.70 -2.75 2.57 -0.96 1.47 23 X Y 090604J 4.7E+23 5.1
-81.56 17.98 15 0.05 -0.26 0.22 0.39 0.07 0.92 25 X Y 090904C 1.0E+25 6.0
-91.54 16.76 12 5.41 -2.58 -2.83 0.30 -2.78 2.68 23 X Y 091704E 6.3E+23 5.2
-86.89 12.06 84 0.05 0.10 -0.15 1.53 -2.34 -0.58 24 X Y 100104B 3.1E+24 5.6
-73.04 6.83 172 -0.20 -1.82 2.02 -1.09 -0.27 0.74 23 X Y 100304C 2.3E+23 4.9
-82.57 5.50 20 -0.12 0.04 0.08 0.28 0.13 1.73 24 X Y 100504B 1.8E+24 5.5
-87.02 11.25 39 2.32 -1.51 -0.81 1.65 -0.94 1.15 26 X Y 100904E 3.0E+26 7.0
-84.32 9.50 22 -1.13 -2.33 3.46 2.96 -0.82 -1.61 25 X Y 112004D 4.4E+25 6.4
-90.61 13.13 34 2.52 -2.18 -0.34 1.57 -1.40 1.19 25 X Y 112004F 3.3E+25 6.3
-61.65 15.85 12 -3.21 1.55 1.66 -0.48 -0.15 -1.98 25 X Y 112104C 3.6E+25 6.3
-61.47 15.73 13 -0.26 0.30 -0.05 -0.60 0.85 -0.54 24 X Y 112104F 1.3E+24 5.4
-61.56 15.89 12 -1.23 0.49 0.74 -0.32 0.04 -0.71 24 X Y 112104G 1.4E+24 5.4
-61.49 15.77 13 -0.92 0.18 0.74 1.21 2.11 -1.63 23 X Y 112704H 2.5E+23 4.9
-61.54 15.83 12 -2.43 0.98 1.46 -0.28 1.30 -2.37 23 X Y 120204I 3.8E+23 5.0
-61.03 10.42 16 -1.27 1.48 -0.22 1.64 5.54 0.92 24 X Y 120204L 5.6E+24 5.8
-61.02 10.31 25 -1.03 0.62 0.42 -0.15 -0.14 1.02 24 X Y 120304A 1.6E+24 5.4
-64.69 18.76 48 2.99 -3.42 0.43 -0.33 4.37 4.83 23 X Y 121104D 7.1E+23 5.2
-89.81 13.30 60 1.66 -1.32 -0.35 8.26 -4.46 1.23 24 X Y 121304C 9.3E+24 5.9
-81.52 19.05 12 -0.12 -0.64 0.76 0.08 -0.18 1.63 26 X Y 121404B 1.8E+26 6.8
-64.75 19.17 37 1.78 -1.22 -0.56 0.62 0.31 0.77 23 X Y 121804A 2.0E+23 4.8
-78.79 9.58 57 -0.97 -0.18 1.15 -0.24 0.46 0.11 24 X Y 121904D 1.2E+24 5.4
-89.08 13.76 163 0.84 -0.00 -0.83 1.05 -0.37 0.04 23 X Y 200501010120A 1.6E+23 4.8
-86.87 10.97 37 3.55 -2.96 -0.59 1.92 -0.87 2.48 23 X Y 200501111919A 4.1E+23 5.0
-88.52 12.43 44 0.92 -0.75 -0.17 0.19 -0.12 0.47 24 X Y 200501130956A 9.5E+23 5.3
-84.81 9.48 15 -0.04 -0.50 0.54 -0.23 0.81 0.17 24 X Y 200501241745A 1.1E+24 5.3
-61.26 15.64 95 -2.53 3.43 -0.90 -0.41 -1.38 -1.59 23 X Y 200502080218A 4.0E+23 5.0
-82.61 5.30 15 -0.28 0.27 0.02 0.95 0.46 4.24 24 X Y 200502100232A 4.6E+24 5.7
-83.93 8.92 19 3.09 -2.53 -0.56 1.51 -0.47 1.60 23 X Y 200502140331A 3.5E+23 5.0
-61.56 15.89 12 -6.71 2.82 3.89 -1.30 0.23 -3.59 24 X Y 200502141805A 7.1E+24 5.9
-73.09 6.88 159 0.00 0.92 -0.92 0.26 -0.69 -0.31 24 X Y 200502250641A 1.1E+24 5.3
-86.17 11.42 91 0.12 0.31 -0.42 1.33 -2.19 -0.84 24 X Y 200503070717A 3.0E+24 5.6
-88.73 12.77 67 4.44 -4.19 -0.24 0.92 -0.92 2.40 23 X Y 200503101337A 4.6E+23 5.1
-86.61 10.71 33 4.52 -3.09 -1.44 3.35 -2.34 3.04 24 X Y 200503150015A 6.0E+24 5.8
-91.63 15.20 181 0.82 -0.79 -0.03 1.30 -1.42 0.35 25 X Y 200503171337A 2.1E+25 6.2
-90.65 12.53 12 -4.91 5.11 -0.20 -1.06 1.35 -0.91 23 X Y 200503211907A 5.4E+23 5.1
-86.99 12.55 169 2.50 -1.41 -1.09 2.41 -4.31 0.46 23 X Y 200503281346A 5.8E+23 5.1
-93.32 14.36 13 3.93 -2.80 -1.12 3.44 -2.63 1.21 23 X Y 200504010720A 6.0E+23 5.1
-86.58 11.98 121 2.52 -2.58 0.05 2.40 -2.89 -1.71 23 X Y 200504010736A 5.5E+23 5.1
-91.66 13.95 50 -0.67 0.76 -0.08 0.56 -1.03 -0.85 24 X Y 200504120240A 1.7E+24 5.5
-92.25 13.93 29 3.93 -3.83 -0.09 3.65 -1.39 1.38 23 X Y 200504150333A 5.5E+23 5.1
-76.32 5.18 116 -0.02 -0.71 0.73 0.28 -0.42 0.16 24 X Y 200504210339A 9.2E+23 5.3
-82.48 5.34 24 -0.27 1.86 -1.59 0.53 0.12 6.08 25 X Y 200505051912A 6.5E+25 6.5
-82.42 5.22 15 -2.23 5.36 -3.13 1.04 1.43 1.25 24 X Y 200505052341A 5.7E+24 5.8
-89.82 14.83 12 -0.85 -0.14 1.00 -0.14 0.60 0.02 24 X Y 200505182030A 1.2E+24 5.3
-92.36 14.72 51 -0.43 0.14 0.29 0.65 -0.46 -0.41 24 X Y 200505190710A 1.0E+24 5.3
-91.80 13.95 53 -5.67 1.78 3.90 0.46 -2.24 -4.63 23 X Y 200505301113A 7.9E+23 5.2
-61.79 16.16 28 -1.39 0.80 0.59 0.55 0.50 -1.27 23 X Y 200506060120A 2.0E+23 4.8
-77.40 18.39 15 -0.64 2.20 -1.56 1.81 1.12 6.76 23 X Y 200506130358A 7.9E+23 5.2
-87.52 11.19 20 3.22 -2.16 -1.06 2.59 -1.73 1.35 23 X Y 200506250825A 4.5E+23 5.1
-82.82 8.43 26 0.79 -0.30 -0.49 0.31 -0.10 0.51 25 X Y 200506302126A 8.7E+24 5.9
-86.70 11.06 28 0.65 -0.44 -0.21 0.61 -0.41 0.42 26 X Y 200507020216A 9.6E+25 6.6
-86.92 10.86 36 4.70 -3.21 -1.49 2.56 -1.49 2.34 24 X Y 200507020411A 5.5E+24 5.8
-71.41 8.53 13 -1.68 1.81 -0.13 -0.39 0.93 0.27 23 X Y 200507152102A 1.9E+23 4.8
-86.31 11.94 166 1.84 -1.01 -0.84 1.04 -2.25 0.74 24 X Y 200507232009A 3.2E+24 5.6
-85.52 11.39 14 0.01 -0.93 0.91 0.09 0.04 0.25 24 X Y 200508030927A 9.5E+23 5.3
-85.56 11.38 12 0.04 -2.36 2.32 0.12 0.08 1.89 25 X Y 200508031103A 3.0E+25 6.3
-82.36 6.77 20 -0.11 0.31 -0.20 0.22 0.06 1.48 25 X Y 200508271838A 1.6E+25 6.1
-60.60 15.18 65 -0.51 1.78 -1.27 2.26 0.86 -0.79 23 X Y 200508301402A 3.2E+23 5.0
-87.67 16.38 28 -0.25 -4.28 4.52 -1.25 3.86 4.43 24 X Y 200509231348A 7.6E+24 5.9
-83.74 8.28 18 3.60 -2.27 -1.34 0.79 0.34 2.10 23 X Y 200509301029A 3.8E+23 5.0
-77.83 9.60 25 -5.30 -0.53 5.83 -3.05 3.46 0.34 23 X Y 200510031406A 6.9E+23 5.2
-89.74 13.11 33 -0.45 1.70 -1.25 2.68 -3.11 0.00 24 X Y 200510071743A 4.2E+24 5.7
-86.07 11.65 162 1.75 -0.66 -1.09 1.24 -2.18 0.33 24 X Y 200510172159A 3.2E+24 5.6
-62.25 11.09 131 2.07 -3.35 1.28 0.12 4.22 -3.31 23 X Y 200510240919A 6.4E+23 5.2
-61.52 11.02 28 -0.20 0.05 0.15 1.44 0.58 0.27 24 X Y 200510282230A 1.6E+24 5.4
-88.64 12.03 18 3.92 -3.35 -0.56 4.51 -2.99 1.21 23 X Y 200511080940A 6.8E+23 5.2
-89.39 13.38 54 -0.28 0.18 0.11 1.05 -0.81 -0.26 24 X Y 200511180315A 1.4E+24 5.4
-92.06 14.62 59 -1.23 1.84 -0.61 2.40 -4.08 -3.27 23 X Y 200512052140A 6.6E+23 5.2
-89.86 12.17 12 -3.86 3.14 0.71 -0.89 0.40 -1.20 24 X Y 200512161024A 3.8E+24 5.7
-82.63 6.61 15 -0.02 -1.73 1.75 2.10 0.34 6.19 24 X Y 200512211432A 6.8E+24 5.9
-84.27 9.77 46 -0.25 0.25 -0.00 -0.09 0.42 0.86 24 X Y 200512281527A 1.0E+24 5.3
-82.33 7.44 18 -0.02 0.05 -0.03 0.33 0.07 1.54 25 X Y 200512301826A 1.6E+25 6.1
-71.18 11.88 60 -4.15 3.17 0.98 -0.66 2.30 -2.72 23 X Y 200601010943A 5.4E+23 5.1
-90.50 13.78 45 -1.77 0.44 1.33 3.59 -3.23 -1.66 23 X Y 200601031228A 5.7E+23 5.1
-82.35 6.60 15 -0.05 0.20 -0.15 0.30 -0.02 1.21 25 X Y 200601060339A 1.3E+25 6.0
-73.20 6.89 172 2.07 1.67 -3.73 2.25 -1.50 0.19 23 X Y 200601100314A 4.3E+23 5.1
-94.26 17.04 120 -2.75 -0.55 3.30 2.21 -0.12 -2.47 23 X Y 200601181859A 4.7E+23 5.1
-77.77 6.97 15 0.98 -0.04 -0.93 0.20 -2.50 0.50 25 X Y 200601232050A 2.7E+25 6.3
-77.73 6.96 24 0.83 -0.07 -0.76 0.04 -0.90 0.59 24 X Y 200601240215A 1.3E+24 5.4
-77.82 6.88 27 4.75 -0.65 -4.10 0.95 -6.17 2.76 23 X Y 200601291749A 7.9E+23 5.2
-87.62 13.24 17 -0.25 -1.49 1.74 -0.55 0.12 -1.93 24 X Y 200602200656A 2.7E+24 5.6
-63.90 19.19 18 1.54 -1.37 -0.17 -2.65 1.13 0.61 24 X Y 200603022335A 3.2E+24 5.6
-63.91 19.15 16 1.37 -1.39 0.02 -4.74 2.61 0.72 23 X Y 200603031309A 5.5E+23 5.1
-89.71 12.29 12 0.87 -0.69 -0.18 1.05 -0.66 0.32 24 X Y 200603040811A 1.5E+24 5.4
-94.36 14.42 12 -2.77 2.09 0.68 -0.51 0.30 -1.22 23 X Y 200603101938A 2.9E+23 4.9
-89.75 12.46 20 -2.45 1.48 0.97 0.78 0.06 -0.72 23 X Y 200604091036A 2.1E+23 4.8
-89.33 13.11 68 -0.10 0.01 0.08 0.73 -0.69 0.07 24 X Y 200604091627B 9.4E+23 5.3
-92.46 13.53 75 -1.52 -1.02 2.54 2.03 -1.54 2.43 23 X Y 200604240947A 3.8E+23 5.0
-88.41 12.36 52 4.65 -3.93 -0.71 0.66 -0.88 3.37 23 X Y 200604242110A 4.8E+23 5.1
-82.88 8.11 12 0.72 -0.52 -0.19 0.36 0.02 0.54 25 X Y 200605010748B 8.5E+24 5.9
-82.88 8.13 12 2.27 -0.77 -1.50 0.46 -1.01 1.24 24 X Y 200605010913B 2.5E+24 5.6
-82.85 8.07 12 5.50 -1.35 -4.15 1.91 -3.76 3.92 23 X Y 200605020250A 6.8E+23 5.2
-82.87 8.09 12 0.85 -0.24 -0.61 0.10 -0.44 0.50 24 X Y 200605020640A 9.7E+23 5.3
-73.24 7.02 168 0.03 1.63 -1.66 0.40 -1.14 -2.10 23 X Y 200605081507A 2.9E+23 4.9
-88.71 12.71 75 2.28 -2.44 0.15 0.10 -0.84 2.35 23 X Y 200605102339A 2.7E+23 4.9
-92.97 14.30 31 1.36 -1.05 -0.31 0.78 -0.53 0.53 24 X Y 200605140738A 1.7E+24 5.4
-92.94 14.31 31 0.71 -0.57 -0.13 0.44 -0.30 0.31 24 X Y 200605150009A 8.9E+23 5.3
-89.00 12.73 57 3.76 -3.35 -0.41 0.50 -0.78 2.26 23 X Y 200605260044A 3.9E+23 5.0
-82.57 5.21 18 -0.09 0.21 -0.12 2.65 0.54 8.04 23 X Y 200605261130A 8.7E+23 5.3
-91.76 15.38 189 0.69 -0.58 -0.11 0.50 -0.92 0.44 24 X Y 200606060434A 1.3E+24 5.4
-82.52 6.19 21 0.21 -0.24 0.03 0.13 0.19 1.56 23 X Y 200606090421A 1.5E+23 4.8
-58.33 14.30 17 -1.05 -2.66 3.72 -1.16 1.97 0.42 23 X Y 200606110024A 4.4E+23 5.1
-94.53 14.95 12 4.21 -2.75 -1.46 3.92 -3.15 2.10 24 X Y 200606271303A 6.5E+24 5.8
-86.43 10.48 32 2.86 -2.11 -0.75 2.22 -1.05 2.04 23 X Y 200607240138A 3.7E+23 5.0
-87.20 10.71 12 -3.45 2.28 1.18 0.01 -0.52 -1.69 23 X Y 200607250138A 3.5E+23 5.0
-70.57 10.07 25 0.38 1.47 -1.85 0.19 -2.52 -8.63 23 X Y 200608041341A 9.0E+23 5.3
-91.14 13.34 31 1.11 -0.94 -0.17 0.62 -0.53 0.47 24 X Y 200608100703A 1.4E+24 5.4
-94.64 14.85 12 4.96 -2.92 -2.04 3.84 -1.50 1.67 23 X Y 200608100753B 6.6E+23 5.2
-82.58 5.02 21 0.05 0.32 -0.37 0.81 0.45 5.66 23 X Y 200608121207A 5.8E+23 5.1
-64.74 19.24 32 -0.21 0.09 0.12 -0.95 0.27 -0.04 24 X Y 200608141309A 9.5E+23 5.3
-88.42 12.79 77 -0.28 -0.10 0.38 0.83 -0.81 0.02 24 X Y 200608222302A 1.1E+24 5.3
-91.35 15.01 188 1.26 -1.33 0.07 1.27 -2.31 0.47 23 X Y 200608252259A 3.2E+23 5.0
-85.24 17.19 31 0.37 -1.82 1.44 -0.32 1.00 2.29 23 X Y 200608281937A 2.9E+23 4.9
-91.66 14.09 73 3.09 -3.28 0.19 0.97 -0.56 1.71 23 X Y 200609021320A 3.3E+23 5.0
-78.06 7.65 12 -0.01 0.86 -0.84 -0.11 -0.10 0.10 24 X Y 200609031023A 8.8E+23 5.3
-92.17 13.81 27 0.84 -0.73 -0.11 0.54 -0.48 0.35 24 X Y 200609181319A 1.1E+24 5.3
-82.47 5.49 24 0.01 0.16 -0.16 -0.03 0.53 2.17 23 X Y 200609202125A 2.2E+23 4.9
-61.39 10.73 29 -0.49 0.44 0.05 1.31 0.14 0.77 25 X Y 200609291308A 1.7E+25 6.1
-61.41 10.72 32 -0.61 1.28 -0.67 1.43 0.32 1.94 24 X Y 200609291823A 3.0E+24 5.6
-82.54 6.10 20 -0.03 -0.64 0.68 -0.03 0.28 2.56 23 X Y 200609302236A 2.7E+23 4.9
-59.31 14.76 21 -1.79 0.01 1.77 -0.38 0.98 0.13 23 X Y 200610081006A 2.0E+23 4.8
-92.96 13.64 12 -0.83 0.55 0.28 -0.08 0.05 -0.44 24 X Y 200610111700A 8.8E+23 5.3
-78.16 7.69 12 -0.49 2.25 -1.76 0.09 0.12 0.12 23 X Y 200610141755A 2.3E+23 4.9
-87.70 13.28 12 -0.56 -0.52 1.08 -0.25 0.21 -0.60 24 X Y 200610280053A 1.3E+24 5.4
-92.07 13.74 19 3.38 -3.18 -0.20 2.44 -1.38 1.30 23 X Y 200610280308A 4.4E+23 5.1
-86.26 10.30 30 2.87 -1.93 -0.95 1.57 -0.94 1.42 23 X Y 200610290744A 3.4E+23 5.0
-94.34 16.02 66 -1.68 1.48 0.20 3.05 -2.99 -0.95 23 X Y 200611022354A 4.7E+23 5.1
-79.47 7.39 19 -0.38 -0.43 0.81 0.26 -0.49 1.56 24 X Y 200611171828A 1.9E+24 5.5
-88.22 10.93 12 -2.42 1.70 0.72 -0.08 0.22 -1.24 24 X Y 200611181005A 2.6E+24 5.6
-90.32 12.85 21 2.49 -1.93 -0.56 1.00 -0.75 0.93 23 X Y 200611260725A 2.8E+23 4.9
-91.77 13.90 47 -0.58 0.26 0.32 0.69 -0.66 -0.40 25 X Y 200612032052A 1.2E+25 6.0
-86.85 10.92 33 1.86 -1.40 -0.46 1.09 -0.90 1.15 24 X Y 200612051558A 2.3E+24 5.5
-89.66 12.89 27 -1.58 -1.85 3.43 7.83 -4.09 -0.94 23 X Y 200612090051A 8.7E+23 5.3
-89.90 14.09 15 -0.20 -2.51 2.70 -0.65 -0.22 -2.31 23 X Y 200612201706A 3.6E+23 5.0
-82.62 5.41 20 0.08 0.12 -0.21 0.51 0.31 2.51 24 X Y 200612301433A 2.6E+24 5.6
-90.94 13.65 59 -6.09 4.55 1.54 2.86 -3.48 -3.12 23 X Y 200612301742A 7.8E+23 5.2
-93.48 13.85 12 -4.31 3.11 1.20 -0.05 0.32 -2.24 23 X Y 200701121908A 4.6E+23 5.1
-92.39 13.35 12 -2.45 2.03 0.42 0.75 0.16 -1.32 23 X Y 200701170855B 2.8E+23 4.9
-89.67 13.02 42 -0.95 0.71 0.24 1.10 -0.92 -0.60 24 X Y 200701190143A 1.8E+24 5.5
-92.42 15.07 87 -4.63 3.10 1.53 2.35 -2.71 -2.41 23 X Y 200701250006A 6.0E+23 5.2
-94.84 15.30 20 1.28 -0.92 -0.36 0.84 -1.15 0.43 23 X Y 200701291237A 2.0E+23 4.8
-78.34 19.49 13 -0.26 -0.81 1.07 0.41 -0.46 2.12 25 X Y 200702042056A 2.5E+25 6.2
-91.53 13.11 18 2.88 -2.29 -0.59 1.99 -1.28 0.57 23 X Y 200702131838A 3.8E+23 5.0
-82.56 5.92 18 -0.53 0.15 0.37 0.74 -0.05 3.54 24 X Y 200702182137A 3.9E+24 5.7
-61.40 17.18 50 3.44 -0.55 -2.89 -0.61 1.83 1.72 23 X Y 200702270942A 3.9E+23 5.0
-87.59 13.25 217 0.40 -0.66 0.26 1.94 -1.65 -0.05 24 X Y 200703092101A 2.7E+24 5.6
-87.14 11.19 35 1.73 -1.64 -0.09 0.97 -0.71 1.20 24 X Y 200703142159A 2.1E+24 5.5
-87.07 11.27 30 0.61 -0.51 -0.10 0.37 -0.23 0.44 24 X Y 200703142244A 7.3E+23 5.2
-82.61 5.71 22 -0.02 0.19 -0.17 0.61 -0.03 3.82 23 X Y 200703190802A 3.9E+23 5.0
-93.32 14.31 12 3.26 -3.10 -0.17 4.00 -2.51 1.49 23 X Y 200703310503A 5.7E+23 5.1
-86.30 11.73 134 3.41 -2.21 -1.19 4.12 -4.92 0.60 23 X Y 200704101645A 7.6E+23 5.2
-75.78 5.79 43 -3.02 -1.25 4.26 -1.76 -4.69 -0.05 23 X Y 200704240853A 6.6E+23 5.2
-73.13 6.84 157 0.17 0.95 -1.12 0.77 -0.51 0.24 24 X Y 200705060447A 1.4E+24 5.4
-91.32 13.51 40 5.91 -5.13 -0.78 2.08 -1.46 2.85 24 X Y 200706081332A 6.4E+24 5.8
-91.33 13.47 38 1.74 -1.66 -0.08 0.73 -0.53 0.95 24 X Y 200706081508A 2.0E+24 5.5
-91.22 13.43 32 1.07 -0.92 -0.15 0.48 -0.43 0.46 26 X Y 200706131929A 1.3E+26 6.7
-72.14 7.18 27 3.20 2.02 -5.22 -2.68 4.55 -3.34 23 X Y 200706201904A 7.8E+23 5.2
-89.10 12.91 68 0.58 -1.76 1.19 2.66 -2.76 0.72 23 X Y 200706220503A 4.0E+23 5.0
-93.34 14.88 59 2.20 -2.69 0.49 2.04 -0.17 0.84 23 X Y 200706290117A 2.9E+23 4.9
-93.89 16.48 114 -0.65 0.02 0.62 0.90 -0.85 -0.61 25 X Y 200707060109A 1.6E+25 6.1
-72.10 7.13 31 0.65 -0.19 -0.45 0.16 0.44 -0.39 24 X Y 200707162258A 8.0E+23 5.2
-91.35 14.36 112 1.84 -1.80 -0.04 1.40 -0.70 0.57 24 X Y 200707232230A 2.4E+24 5.6
-93.60 15.83 102 -0.10 0.83 -0.73 2.63 0.61 -1.14 23 X Y 200708301254A 3.1E+23 5.0
-87.66 11.25 12 2.95 -1.76 -1.19 3.42 -2.79 1.40 23 X Y 200708310524A 5.3E+23 5.1
-87.71 11.24 12 3.73 -3.66 -0.07 4.18 -5.54 2.58 23 X Y 200709020007A 8.0E+23 5.2
-94.79 15.60 31 3.95 -2.18 -1.77 1.80 -0.72 1.63 23 X Y 200709110312A 4.5E+23 5.1
-94.62 17.59 144 -1.07 0.29 0.78 0.64 -0.32 -0.71 24 X Y 200709151030A 1.4E+24 5.4
-87.16 15.18 12 -0.87 0.15 0.73 0.27 0.34 0.42 24 X Y 200709151759A 1.0E+24 5.3
-77.53 6.06 20 2.55 -0.01 -2.54 -0.44 -3.00 -0.36 23 X Y 200709221144A 4.0E+23 5.0
-94.41 17.68 154 -0.45 -0.29 0.74 0.38 -0.66 -0.20 24 X Y 200710011441A 1.1E+24 5.3
-92.26 13.82 19 4.39 -4.12 -0.27 4.42 -2.88 1.98 23 X Y 200710111617A 6.8E+23 5.2
-93.39 14.47 21 3.97 -2.83 -1.14 2.76 -2.62 1.86 23 X Y 200710162025A 5.5E+23 5.1
-84.11 8.92 21 2.54 -2.22 -0.32 1.38 -0.74 1.25 23 X Y 200710230649A 3.0E+23 4.9
-85.71 9.97 32 2.95 -1.98 -0.97 1.53 -0.71 1.66 23 X Y 200711242223A 3.4E+23 5.0
-93.35 15.37 71 -2.65 1.32 1.34 1.91 -3.19 -1.61 24 X Y 200711261741A 4.7E+24 5.8
-61.41 15.06 148 -0.49 0.99 -0.50 -0.36 1.42 0.44 27 X Y 200711291900A 1.1E+27 7.3
-61.14 15.25 144 -2.30 2.00 0.31 1.05 5.62 2.91 23 X Y 200712051211A 6.7E+23 5.2
-82.78 7.68 22 -0.09 -0.88 0.97 -0.28 -0.32 2.81 23 X Y 200712081011A 3.1E+23 5.0
-62.48 10.84 76 1.40 -2.87 1.46 -0.96 1.17 -0.31 23 X Y 200712122031A 2.7E+23 4.9
-88.12 11.19 12 -2.34 3.25 -0.91 -0.79 0.24 -1.07 23 X Y 200712181241A 3.6E+23 5.0
-64.72 19.39 21 0.92 -0.78 -0.15 -0.48 0.20 0.36 24 X Y 200712190157A 1.1E+24 5.3
-82.54 5.67 21 0.10 0.00 -0.11 0.50 0.31 3.77 23 X Y 200712210514A 3.8E+23 5.0
-64.74 19.36 19 0.65 -0.51 -0.14 -0.45 0.30 0.23 24 X Y 200712280334A 8.5E+23 5.3
-91.38 13.43 34 4.10 -3.98 -0.12 1.82 -0.99 1.17 23 X Y 200712312200A 4.6E+23 5.1
-92.04 13.99 46 -1.67 1.86 -0.18 0.30 -2.12 -1.86 24 X Y 200801050156A 3.4E+24 5.7
-91.97 14.00 50 -2.97 2.20 0.78 0.03 -3.55 -3.60 23 X Y 200801061655A 5.8E+23 5.1
-94.79 15.19 12 3.02 -1.18 -1.84 2.04 -2.19 1.25 23 X Y 200801080016A 4.3E+23 5.1
-93.99 14.54 12 1.33 -1.01 -0.32 1.44 -1.12 0.53 24 X Y 200801230549A 2.3E+24 5.5
-82.35 6.93 18 -0.16 1.51 -1.35 1.43 0.66 7.39 24 X Y 200801240412A 7.9E+24 5.9
-88.90 12.79 47 3.74 -3.69 -0.05 0.47 -0.48 1.38 23 X Y 200801292137A 3.8E+23 5.0
-79.53 6.28 13 -2.85 2.21 0.64 1.55 -0.29 0.59 23 X Y 200801301244A 2.8E+23 4.9
-66.87 19.00 16 0.18 -0.39 0.21 -0.64 2.21 0.44 24 X Y 200802040743A 2.4E+24 5.6
-60.32 15.10 30 0.39 -0.05 -0.34 -0.77 0.45 0.21 24 X Y 200802061837A 1.0E+24 5.3
-77.95 5.76 24 -1.54 2.32 -0.78 0.04 0.95 3.72 23 X Y 200802100736A 4.8E+23 5.1
-94.10 16.44 92 -3.07 -0.89 3.97 2.69 -2.34 -1.88 23 X Y 200802112220A 5.7E+23 5.1
-94.51 16.35 87 -4.47 -0.22 4.69 2.73 -1.81 -2.84 25 X Y 200802121250A 6.7E+25 6.5
-73.04 6.82 157 0.35 0.34 -0.69 0.98 -0.13 0.81 24 X Y 200802172114A 1.4E+24 5.4
-70.92 10.19 16 0.88 -0.04 -0.84 -1.16 1.76 -2.95 23 X Y 200802250759A 3.9E+23 5.0
-93.02 15.34 86 -1.68 0.24 1.44 1.32 -1.43 -1.61 23 X Y 200803120451A 3.3E+23 5.0
-93.79 14.44 12 0.82 -0.67 -0.15 0.98 -0.75 0.34 24 X Y 200803132301A 1.5E+24 5.4
-93.72 14.48 16 3.37 -2.25 -1.12 2.10 -2.05 1.08 23 X Y 200803132314A 4.6E+23 5.1
-84.80 17.35 12 0.27 -2.17 1.90 -0.42 1.65 2.24 24 X Y 200803270942A 3.5E+24 5.7
-91.37 14.05 76 3.93 -3.42 -0.51 0.82 -0.92 1.87 23 X Y 200804041211A 4.1E+23 5.0
-91.00 13.42 33 0.45 -1.51 1.06 -0.89 1.32 -0.47 25 X Y 200804150303A 2.3E+25 6.2
-93.42 15.60 85 -0.60 0.34 0.27 0.50 -0.38 -0.43 24 X Y 200804170153A 9.8E+23 5.3
-91.70 15.44 190 1.26 -1.63 0.37 1.40 -2.75 0.38 23 X Y 200805250545A 3.7E+23 5.0
-89.46 13.82 26 0.23 -0.71 0.48 0.10 0.54 -2.90 23 X Y 200805260033A 2.9E+23 4.9
-82.88 8.38 12 2.12 -1.64 -0.48 0.19 -0.25 2.15 24 X Y 200805261501A 2.1E+24 5.5
-82.89 8.47 12 4.01 -4.94 0.93 -2.36 1.18 2.82 23 X Y 200805261538A 4.7E+23 5.1
-82.97 8.48 18 1.80 -2.66 0.87 -1.50 0.11 1.37 23 X Y 200805261601A 2.3E+23 4.9
-91.39 13.45 29 2.96 -2.65 -0.31 1.96 -1.37 1.32 24 X Y 200805271128A 3.8E+24 5.7
-82.81 8.37 12 4.71 -3.02 -1.70 0.27 1.33 2.27 23 X Y 200805300535A 5.0E+23 5.1
-93.64 15.79 100 -0.26 -0.34 0.59 0.63 -0.70 -0.12 24 X Y 200806050511A 1.1E+24 5.3
-64.35 19.52 18 2.48 -1.44 -1.04 -0.22 0.52 1.89 23 X Y 200806071656A 2.6E+23 4.9
-91.50 12.76 90 -2.28 -0.80 3.09 2.31 -1.52 1.85 23 X Y 200806090733A 3.9E+23 5.0
-91.72 14.63 96 1.19 -0.06 -1.13 1.35 -3.07 -1.75 23 X Y 200806130300A 4.3E+23 5.1
-86.46 10.29 25 5.15 -3.95 -1.20 4.96 -3.47 2.73 23 X Y 200806150818A 7.9E+23 5.2
-87.94 12.34 69 -4.40 3.01 1.39 0.12 -0.50 -2.38 23 X Y 200806190226A 4.7E+23 5.1
-94.18 16.87 131 -1.22 -3.97 5.19 0.46 -4.21 -3.16 23 X Y 200806220132A 8.0E+23 5.2
-62.28 11.18 137 -0.52 -3.84 4.36 2.67 5.83 -3.64 23 X Y 200806270508A 8.5E+23 5.3
-93.17 14.16 18 4.24 -3.33 -0.90 2.83 -1.17 1.11 23 X Y 200806281628A 5.3E+23 5.1
-93.31 14.16 12 1.19 -0.96 -0.22 1.30 -0.78 0.46 24 X Y 200806290942A 1.9E+24 5.5
-93.27 14.17 12 4.30 -3.46 -0.83 4.92 -0.81 1.82 23 X Y 200806291653A 6.7E+23 5.2
-60.28 10.26 13 -3.55 3.10 0.45 -0.84 1.79 1.97 24 X Y 200807030634A 4.2E+24 5.7
-85.93 10.53 40 -5.70 3.85 1.85 1.56 1.36 -1.96 23 X Y 200807200234A 5.1E+23 5.1
-87.29 10.98 21 4.20 -2.85 -1.35 4.25 -2.20 2.24 23 X Y 200807270542A 6.4E+23 5.2
-88.56 12.60 48 2.66 -2.51 -0.16 0.94 -0.45 1.66 23 X Y 200807310631A 2.8E+23 4.9
-87.89 12.47 72 2.56 -1.72 -0.84 2.08 -3.80 2.19 23 X Y 200808072341A 5.1E+23 5.1
-64.17 10.61 15 -0.72 0.23 0.49 0.82 -2.54 -6.72 23 X Y 200808110719A 7.8E+23 5.2
-82.79 7.26 22 0.10 -0.61 0.51 -0.05 -0.14 2.42 24 X Y 200808142255A 2.4E+24 5.6
-92.05 14.62 70 -2.37 0.89 1.48 2.57 -2.25 -0.66 23 X Y 200808171425A 3.8E+23 5.0
-88.23 10.96 12 -4.36 3.32 1.04 0.40 -0.24 -1.49 23 X Y 200808180916A 4.1E+23 5.0
-83.99 8.94 17 0.71 -0.60 -0.11 0.71 -0.33 0.32 24 X Y 200808200621A 1.0E+24 5.3
-82.59 5.20 26 0.00 0.78 -0.78 1.16 0.39 6.61 23 X Y 200808212251A 6.8E+23 5.2
-82.75 8.36 28 3.73 -2.16 -1.57 0.22 0.75 2.34 23 X Y 200808221104A 3.9E+23 5.0
-60.42 10.08 20 -0.78 1.93 -1.15 0.83 -0.55 1.78 23 X Y 200808232153A 2.8E+23 4.9
-91.57 13.54 29 0.64 -0.61 -0.03 0.45 -0.29 0.29 24 X Y 200809042139A 8.3E+23 5.2
-92.64 14.39 47 -5.33 2.27 3.05 1.54 -3.31 -3.44 23 X Y 200809200452A 7.1E+23 5.2
-86.23 16.86 29 -0.30 -1.99 2.28 0.01 1.13 2.55 23 X Y 200809280923A 3.7E+23 5.0
-64.83 19.30 30 0.37 0.33 -0.70 -0.92 -0.47 1.06 25 X Y 200810111040A 1.8E+25 6.1
-92.90 14.28 30 0.87 -0.71 -0.16 0.57 -0.51 0.43 26 X Y 200810161941A 1.2E+26 6.7
-82.28 6.54 23 0.16 0.55 -0.71 0.09 -0.06 4.21 23 X Y 200810220952A 4.2E+23 5.0
-66.28 19.49 12 0.89 0.18 -1.07 0.21 0.07 0.67 24 X Y 200811022042A 9.8E+23 5.3
-82.34 5.92 17 0.61 0.61 -1.21 -0.45 0.20 4.80 23 X Y 200811051533A 4.6E+23 5.1
-90.90 14.03 99 3.86 -4.23 0.37 3.94 -1.67 1.35 23 X Y 200811111506A 5.7E+23 5.1
-86.46 10.49 30 1.18 -0.83 -0.35 0.95 -0.59 0.72 24 X Y 200811130949A 1.6E+24 5.4
-89.08 12.97 64 0.19 -1.15 0.97 5.24 -3.52 0.94 24 X Y 200811152303A 5.8E+24 5.8
-82.77 8.23 42 -0.81 1.29 -0.48 0.92 -1.22 2.34 25 X Y 200811190611A 2.9E+25 6.3
-66.24 19.35 13 2.74 -0.09 -2.65 3.51 0.91 1.41 23 X Y 200811230905A 5.4E+23 5.1
-94.02 17.38 167 -1.86 -0.01 1.87 1.85 -2.11 -1.16 23 X Y 200811231806A 3.8E+23 5.0
-69.33 18.73 93 5.56 -1.29 -4.27 -1.41 0.45 3.32 23 X Y 200812181713A 5.8E+23 5.1
-84.11 10.23 12 0.29 -1.81 1.52 -0.47 -0.15 -0.49 25 X Y 200901081921A 1.6E+25 6.1
-92.69 15.90 169 1.00 -3.63 2.62 3.33 -4.54 0.79 24 X Y 200901170257A 6.7E+24 5.8
-90.02 13.20 58 6.49 -6.06 -0.44 1.19 -0.90 3.02 23 X Y 200901281724A 6.7E+23 5.2
-68.93 18.71 116 1.82 0.87 -2.69 -2.72 -1.30 -0.36 23 X Y 200902140748A 4.2E+23 5.0
-94.58 16.96 121 -1.08 -1.06 2.14 1.94 0.09 -1.86 23 X Y 200902180541A 3.1E+23 5.0
-88.63 12.79 60 2.22 -2.41 0.20 0.48 -0.58 1.13 23 X Y 200903012357A 2.4E+23 4.9
-91.98 13.92 50 -4.33 1.33 3.00 0.21 -0.79 -2.67 23 X Y 200903082215A 5.0E+23 5.1
-90.89 13.46 41 1.16 -1.26 0.10 -0.44 0.26 -0.40 24 X Y 200903090601A 1.3E+24 5.4
-93.49 16.63 162 0.04 -1.54 1.49 3.19 -1.97 -1.02 23 X Y 200903100036A 4.3E+23 5.1
-88.68 11.60 12 -6.15 4.18 1.98 1.22 -0.02 -2.93 23 X Y 200903100710A 6.3E+23 5.2
-83.18 8.55 19 0.69 -0.64 -0.05 0.53 -0.26 0.31 25 X Y 200903111724A 9.0E+24 5.9
-83.22 8.52 22 0.72 -0.38 -0.34 -0.23 -0.09 0.42 25 X Y 200903112103A 8.0E+24 5.9
-82.60 5.51 23 -0.13 0.27 -0.14 0.31 0.01 3.43 25 X Y 200903122323A 3.5E+25 6.3
-83.04 8.62 24 2.41 -2.46 0.05 0.32 0.52 1.14 23 X Y 200903131654A 2.6E+23 4.9
-83.20 8.58 25 3.35 -0.68 -2.66 -3.28 1.20 2.33 23 X Y 200903131733A 5.2E+23 5.1
-82.64 7.81 23 2.15 -2.51 0.36 0.32 -1.30 1.59 23 X Y 200903141429A 2.9E+23 4.9
-82.38 7.38 21 0.07 0.42 -0.50 0.64 -0.14 2.21 23 X Y 200903281249A 2.3E+23 4.9
-90.56 14.48 19 -0.11 -0.55 0.67 -0.14 0.04 -0.48 24 X Y 200904042122A 8.4E+23 5.3
-90.56 14.39 23 0.16 -2.91 2.76 1.03 -0.32 -0.94 23 X Y 200904050322A 3.0E+23 5.0
-92.88 13.92 14 2.64 -1.81 -0.83 2.14 -1.41 0.92 23 X Y 200904180706A 3.7E+23 5.0
-73.53 7.81 130 2.90 -0.61 -2.29 -0.16 -4.14 2.14 23 X Y 200904200854A 5.4E+23 5.1
-91.50 14.56 90 -1.10 1.34 -0.24 1.99 -1.90 -1.31 25 X Y 200905031621A 3.6E+25 6.3
-67.15 10.26 12 0.17 1.25 -1.42 -0.05 -0.22 -0.86 24 X Y 200905040910A 1.5E+24 5.4
-82.79 8.88 28 0.56 -0.48 -0.08 1.20 1.78 2.84 23 X Y 200905080833A 3.9E+23 5.0
-91.15 13.82 60 -0.69 0.80 -0.10 0.50 -1.04 -0.62 24 X Y 200905220024A 1.5E+24 5.4
-92.77 14.32 34 5.39 -4.43 -0.96 2.33 -1.56 2.23 23 X Y 200905280023A 6.1E+23 5.2
-87.17 16.50 12 -0.03 -0.81 0.84 -0.46 0.51 0.72 27 X Y 200905280824A 1.2E+27 7.4
-63.55 19.91 19 -0.56 3.99 -3.43 -0.07 0.94 -2.08 23 X Y 200906010435A 4.6E+23 5.1
-86.42 15.69 17 -6.21 2.03 4.19 2.58 0.48 2.19 23 X Y 200906020643A 5.8E+23 5.1
-87.67 16.38 15 -0.19 -3.21 3.40 -2.19 1.04 1.95 23 X Y 200906060437A 4.0E+23 5.0
-93.19 16.23 151 0.33 -0.36 0.03 -0.58 -1.63 -0.26 24 X Y 200906072126A 1.8E+24 5.5
-86.99 15.99 12 -1.48 1.17 0.32 0.09 -0.39 0.81 24 X Y 200906080513A 1.7E+24 5.4
-66.59 19.31 12 -3.20 3.08 0.12 0.39 0.11 0.26 23 X Y 200906131612A 3.1E+23 5.0
-90.56 15.48 15 0.01 0.86 -0.87 0.70 0.19 4.99 23 X Y 200906141418A 5.1E+23 5.1
-87.19 16.45 16 -0.34 -3.93 4.27 -3.81 0.48 1.01 23 X Y 200906151600A 4.4E+23 5.1
-86.32 15.72 12 -3.48 1.11 2.37 0.88 0.11 2.05 23 X Y 200906301622A 3.9E+23 5.0
-78.97 9.82 43 0.62 -1.45 0.83 0.54 -0.50 0.28 25 X Y 200907040649A 1.2E+25 6.0
-88.66 12.74 67 4.02 -3.39 -0.63 0.55 -0.71 2.08 23 X Y 200907051035A 4.1E+23 5.0
-78.97 9.83 51 -0.10 -0.70 0.79 0.31 0.01 0.84 24 X Y 200907060410A 1.2E+24 5.3
-86.91 10.86 31 1.42 -1.08 -0.34 1.07 -0.65 0.81 24 X Y 200907061437A 1.9E+24 5.5
-84.43 14.13 31 -1.38 -1.61 3.00 -0.19 0.62 2.08 23 X Y 200907080342A 3.8E+23 5.0
-85.83 7.84 27 0.08 2.27 -2.35 0.14 -1.18 5.99 24 X Y 200908130937A 6.4E+24 5.8
-65.81 19.53 19 -2.56 2.11 0.44 0.39 0.44 0.87 23 X Y 200908131448A 2.5E+23 4.9
-65.81 19.50 17 -4.58 3.38 1.20 0.88 0.75 2.13 23 X Y 200908140950A 4.8E+23 5.1
-94.02 14.64 14 3.14 -2.33 -0.81 1.97 -1.49 1.21 23 X Y 200908262244A 4.0E+23 5.0
-94.03 14.61 12 0.61 -0.41 -0.21 0.50 -0.45 0.27 24 X Y 200908291042A 9.1E+23 5.3
-93.93 14.63 12 4.08 -3.38 -0.70 4.15 -2.17 1.27 23 X Y 200908300919A 6.3E+23 5.2
-87.39 11.60 42 4.96 -4.44 -0.53 2.39 -1.53 3.30 23 X Y 200908310921A 5.6E+23 5.1
-71.47 20.04 16 1.93 -1.85 -0.08 -0.70 -0.06 0.45 23 X Y 200909040945A 2.1E+23 4.8
-83.02 8.66 55 -3.44 -0.84 4.27 1.29 2.78 -0.51 23 X Y 200909060502A 5.2E+23 5.1
-67.97 10.76 12 0.16 -0.44 0.28 1.26 -0.64 -4.15 25 X Y 200909122006A 4.5E+25 6.4
-82.58 5.21 21 -0.28 0.52 -0.23 0.05 -0.34 3.69 23 X Y 200909212158A 3.9E+23 5.0
-94.28 14.93 12 2.00 -1.66 -0.34 1.23 -0.75 0.75 23 X Y 200909260103A 2.5E+23 4.9
-82.66 6.45 12 0.12 -1.17 1.05 0.56 -0.60 4.02 23 X Y 200909271118A 4.1E+23 5.0
-86.70 12.18 136 0.37 0.05 -0.43 1.29 -2.20 -0.50 23 X Y 200910170015A 2.8E+23 4.9
-82.69 6.64 23 0.00 -0.23 0.23 0.15 0.04 1.01 25 X Y 200910220051A 1.1E+25 6.0
-82.64 6.81 22 -0.00 -1.36 1.36 -0.60 -0.67 4.72 23 X Y 200910220150A 5.1E+23 5.1
-73.07 6.93 164 0.55 4.98 -5.52 2.85 -2.43 0.30 23 X Y 200910271625A 6.4E+23 5.2
-86.80 10.37 18 2.41 -1.85 -0.56 2.34 -3.56 1.21 23 X Y 200911050146A 5.0E+23 5.1
-84.15 9.71 21 -0.95 -0.57 1.52 2.13 -0.78 -0.34 23 X Y 200911132120A 2.2E+23 4.9
-82.93 10.76 33 -0.92 -3.75 4.67 -1.81 1.59 6.46 23 X Y 200911201722A 8.2E+23 5.2
-92.73 13.89 12 3.61 -2.79 -0.82 3.92 -1.53 1.81 23 X Y 200911212118A 5.5E+23 5.1
-60.84 9.86 18 1.94 -5.43 3.49 2.22 -1.48 -5.72 23 X Y 200911222251A 7.3E+23 5.2
-60.78 9.90 12 0.00 -0.38 0.38 0.00 -0.18 -0.84 24 X Y 200911222334A 9.5E+23 5.3
-92.85 13.88 19 2.01 -1.09 -0.93 1.21 -0.87 0.75 23 X Y 200911240021A 2.5E+23 4.9
-90.40 13.29 40 -0.35 -0.21 0.55 0.79 -0.26 -0.40 25 X Y 200911261908A 1.0E+25 6.0
-69.73 10.46 12 0.73 -0.64 -0.09 0.50 0.32 -1.58 24 X Y 200911270815A 1.3E+24 5.4
-92.98 13.90 13 1.37 -0.91 -0.46 0.70 -0.95 0.37 23 X Y 200911280142A 1.9E+23 4.8
-59.31 15.22 32 3.76 -0.56 -3.20 -1.22 2.37 1.73 23 X Y 200911280818A 4.6E+23 5.1
-90.89 13.51 37 2.60 -4.52 1.92 -1.86 2.47 -2.06 23 X Y 200912021146A 5.5E+23 5.1
-87.44 11.53 38 3.72 -2.67 -1.05 1.58 -0.28 1.56 23 X Y 200912111401A 4.1E+23 5.0
-84.56 17.47 23 -0.65 -0.85 1.50 -0.36 0.05 1.86 23 X Y 200912171338A 2.5E+23 4.9
