-85.0905260077747 17.2271516472254 9.53844920825952 2.946934177420285 0.0 0.0 0.0
-86.759227093664 15.6912186410963 0.12943352633950386 -0.06697278601049649 0.0 0.0 0.0
-82.5556145178965 6.16605363315168 0.08817165372478553 -13.252332346912455 0.0 0.0 0.0
-81.9215500623108 12.7973935011361 -0.38491369269767817 -0.12621381535768667 0.0 0.0 0.0
-77.6701647824465 19.5770973101339 14.046864372816607 3.2738218724766712 0.0 0.0 0.0
-72.7499496848764 14.7163959378436 0.03481638802175274 0.005756511428724818 0.0 0.0 0.0
-71.3968414544022 19.9118687735517 0.07303029409293371 0.050901173925989716 0.0 0.0 0.0
-72.8210735054165 18.4822133292413 25.11511239559481 0.6923163525825105 0.0 0.0 0.0
-66.9496991121241 18.2318326209019 -0.028485596312477938 1.0333700054530348 0.0 0.0 0.0
-67.9496991121241 17.2318326209019 -0.033937861123535244 0.020636652426377404 0.0 0.0 0.0
-62.1609263790329 16.3270575346414 -0.2112202163834518 -0.5960277574043988 0.0 0.0 0.0
-63.1609263790329 15.3270575346414 -0.3151923058520217 -0.9245540594961021 0.0 0.0 0.0
-59.6078108579105 14.6525184429152 0.8948529294390751 0.7379904018016558 0.0 0.0 0.0
-60.6078108579105 13.6525184429152 0.07012654156730926 0.05053203037558461 0.0 0.0 0.0
-62.8591193187989 10.5233248579993 2.317674298134989 0.11363702040324951 0.0 0.0 0.0
-63.8591193187989 9.52332485799935 0.9893921382687941 -0.6364667654210784 0.0 0.0 0.0
-60.0604751774371 10.8026847759001 0.5265410757917764 -0.8861091229988906 0.0 0.0 0.0
-61.0604751774371 9.80268477590019 1.1188058304014756 -1.2716601047406957 0.0 0.0 0.0
-80.3683614827235 7.40638145033373 -0.2604456695653794 -0.03506691629148122 0.0 0.0 0.0
-78.015081165514 6.30999477755393 1.4523621885616669 -9.522461412582528 0.0 0.0 0.0
-77.3398981387163 8.64107829460977 0.031241532491745747 -0.18463851843323442 0.0 0.0 0.0
-76.5471829476352 7.29052297698909 -1.235839953936943 -7.38960436027205 0.0 0.0 0.0
-84.0261680651749 8.8588244659536 -5.49505619420989 -6.140426899499254 0.0 0.0 0.0
-85.0261680651749 7.8588244659536 0.026006875789647357 -0.005656295655632716 0.0 0.0 0.0
-88.3371067294153 11.0956318896676 -1.6652638324533842 -5.156463770085466 0.0 0.0 0.0
-83.3035828737101 10.0300477421193 -2.251251408767341 -16.40514888251632 0.0 0.0 0.0
-84.3035828737101 9.03004774211937 -0.23564318585390898 -0.12485617586213268 0.0 0.0 0.0
-91.8095394980283 12.9068610607243 0.151204654236858 -0.12299159232981144 0.0 0.0 0.0
-92.8095394980283 11.9068610607243 -0.0017346059465888988 0.0028893701233099847 0.0 0.0 0.0
-89.3583173996365 13.1815283338154 -1.8928031696789538 -0.9877171127220404 0.0 0.0 0.0
-90.3583173996365 12.1815283338154 -0.19562252088976687 0.007214076127566973 0.0 0.0 0.0
-88.6445833494869 13.9911083449486 -0.13206364983320412 -0.8623854827048528 0.0 0.0 0.0
-89.6445833494869 12.9911083449486 0.01543677052793738 0.015354278634214676 0.0 0.0 0.0
-69.7467461020565 18.3722441563572 0.08450037048522593 -0.009546040019052529 0.0 0.0 0.0
-70.7467461020565 17.3722441563572 0.02496548099544767 0.10308156780314977 0.0 0.0 0.0
-67.2188225671642 19.3056532887601 -0.09240150892416261 0.33614204718543894 0.0 0.0 0.0
-68.2188225671642 18.3056532887601 inf -inf 0.0 0.0 0.0
-64.627103363092 19.0483926895456 0.18372474511803294 0.02155539054856826 0.0 0.0 0.0
-65.627103363092 18.0483926895456 -0.0043777950404472275 -0.03631164310531215 0.0 0.0 0.0
-62.188524268745 18.0568951465715 0.04600086947244043 0.042467709374409184 0.0 0.0 0.0
-63.188524268745 17.0568951465715 -0.019444454186093734 -0.009994422017794054 0.0 0.0 0.0
-60.3400869900755 17.9366145567412 -0.017279546434344314 -0.3019098688404217 0.0 0.0 0.0
-69.5089153760404 10.7665058036997 0.32036139991211215 -0.029539138411093756 0.0 0.0 0.0
