31.5 5.25 1.402505e-09 -1.8177426e-10 205.42352
32.1 5.25 1.6779893e-09 -9.969038e-11 216.39018
32.7 5.25 2.1599499999999998e-09 -8.3115442e-11 221.16277
33.3 5.25 2.8307053e-09 -1.3746774e-10 220.90702
33.9 5.25 3.9086781000000004e-09 -3.6333247e-10 217.96444
34.5 5.25 5.6180201e-09 -7.916741000000001e-10 214.91391
35.1 5.25 8.271822800000001e-09 -1.4016126e-09 212.13211
35.7 5.25 1.2038361000000001e-08 -1.7693988000000001e-09 209.09987999999998
36.3 5.25 1.6202932e-08 -1.9549537e-09 205.98347
36.9 5.25 1.9112847e-08 -4.1114397000000004e-10 202.15134
37.5 5.25 1.6103894000000002e-08 2.7991966000000004e-10 195.15681999999998
-82.5 5.25 4.5526749000000003e-07 -4.6350076000000005e-07 229.26814
-81.9 5.25 7.2182598e-08 -1.0665111000000001e-07 235.83002
-81.3 5.25 1.9809259e-09 -6.3064671e-08 119.48427
-80.7 5.25 2.4528616e-08 -5.0351472000000004e-08 132.49138
-80.1 5.25 4.9477027e-09 -2.7605566e-08 130.81826999999998
-79.5 5.25 1.2249957e-09 -1.1009685e-08 108.74667
-78.3 5.25 -1.8155570000000002e-08 -2.529626e-07 257.05555000000004
-77.7 5.25 -1.6825962000000002e-08 -1.8248477000000002e-07 261.75649999999996
-77.1 5.25 -9.7981518e-09 -1.0988111000000002e-07 259.95183
-76.5 5.25 -1.0391916000000001e-08 -5.3321983000000004e-08 92.6017
-75.9 5.25 -5.538533000000001e-09 -2.3856577000000004e-08 103.2877
-75.3 5.25 -1.9302173000000003e-10 -3.0635666e-08 257.17862
-74.7 5.25 9.0708507e-09 -3.1760264e-08 96.23782
-74.1 5.25 4.599146700000001e-09 -2.8554223000000004e-08 97.95842999999999
-73.5 5.25 9.205891e-09 -3.5090039e-08 96.28961
-72.9 5.25 1.0942377e-08 -3.7709047e-08 101.97898
-72.3 5.25 1.6953630000000002e-09 -9.3983612e-09 114.57879
-33.3 5.25 9.2810363e-08 -1.2075752e-08 149.75898
-32.7 5.25 3.4891726000000004e-07 -1.3691452e-08 167.81036
31.5 5.75 1.0294076000000001e-09 -8.983831600000001e-11 208.48539
32.1 5.75 1.3324707e-09 -4.8142246000000005e-11 228.40267
32.7 5.75 1.9174305000000002e-09 -1.2047045e-10 235.86143
33.3 5.75 2.4781789000000003e-09 -1.9148374000000003e-10 235.91393
33.9 5.75 3.1664134000000003e-09 -3.4890785e-10 232.06499
34.5 5.75 4.232676900000001e-09 -7.241327600000001e-10 226.75174
35.1 5.75 6.0252982e-09 -1.3613183e-09 221.64037
35.7 5.75 9.5417499e-09 -2.4039546000000004e-09 216.94133
36.3 5.75 1.6316928000000003e-08 -3.0069256000000003e-09 211.29167999999999
36.9 5.75 2.46272e-08 -3.6253552e-09 206.01661000000001
37.5 5.75 2.8640134e-08 3.9135987e-10 197.91928000000001
-82.5 5.75 4.1033562000000005e-07 -4.5574183e-07 227.50709
-81.9 5.75 1.0301208000000001e-07 -1.3892155000000001e-07 231.49816
-81.3 5.75 1.7495847e-08 -6.7798661e-08 236.37984
-80.7 5.75 9.3750092e-09 -6.7101038e-08 238.21682
-80.1 5.75 3.5859041e-08 -9.0958007e-08 233.87501
-79.5 5.75 7.6596251e-08 -1.3275575000000002e-07 230.77356
-78.9 5.75 1.4211508000000002e-07 -2.141897e-07 230.49993
-78.3 5.75 1.2121007e-07 -3.4255279e-07 237.02726
-77.7 5.75 3.1267629e-08 -1.4974697000000002e-07 246.39316
-77.1 5.75 3.3164108e-08 -9.397504400000001e-08 242.47118
-76.5 5.75 -8.830489400000001e-10 -3.8916075e-08 252.2751
-75.9 5.75 -3.6772728e-09 -1.8852004000000004e-08 268.54972
-75.3 5.75 -2.2826411000000002e-09 -1.4495172e-08 260.55628
-74.7 5.75 5.084456300000001e-09 -2.0831846e-08 90.87217
-74.1 5.75 6.5209979e-09 -2.5948643e-08 96.60558
-73.5 5.75 9.3154868e-09 -3.3285002000000004e-08 95.27231
-72.9 5.75 8.549909e-09 -3.4664239000000005e-08 96.81178
-72.3 5.75 5.8632913e-09 -2.6929033000000003e-08 101.35143
-71.7 5.75 4.4354238000000006e-10 -5.6712628e-09 118.11131
-33.3 5.75 3.3152195e-07 -2.0391568e-08 165.14173
-32.7 5.75 1.2220972000000002e-07 -1.7773088e-08 150.82391
31.5 6.25 5.317686000000001e-10 -1.4159686e-11 226.95164
32.1 6.25 1.1872237000000001e-09 -1.534679e-10 244.13537
32.7 6.25 1.6579304e-09 -2.101211e-10 247.07512
33.3 6.25 2.0238065e-09 -2.4660705000000003e-10 247.49673
33.9 6.25 2.3398511000000003e-09 -3.1748127e-10 245.55155
34.5 6.25 2.7176143000000002e-09 -4.8859055e-10 241.15589
35.1 6.25 3.3848005e-09 -8.925623200000001e-10 235.06283
35.7 6.25 4.565961e-09 -1.7719741e-09 229.45692
36.3 6.25 9.2304142e-09 -3.845313700000001e-09 221.54622
36.9 6.25 2.3626338e-08 -5.3326796e-09 209.29774
37.5 6.25 4.6581111000000004e-08 -6.7803143e-09 207.26009
38.1 6.25 1.9063241000000004e-08 -1.7191205000000001e-09 216.54417999999998
-82.5 6.25 3.8774954000000004e-07 -4.7215868000000004e-07 226.97661
-81.9 6.25 9.422674300000001e-08 -1.5769018e-07 231.57007
-81.3 6.25 6.4632773000000004e-09 -8.1576413e-08 241.83991
-80.7 6.25 -9.995985900000001e-09 -7.7854909e-08 257.45144
-80.1 6.25 -1.4045784e-09 -1.0287273000000001e-07 250.24814
-79.5 6.25 1.0066823e-09 -1.2002357000000002e-07 248.23544
-78.9 6.25 -1.3436908000000002e-08 -1.3300364e-07 250.08335
-78.3 6.25 2.7049295e-08 -1.1842156e-07 245.01551
-77.7 6.25 -2.2540668e-09 -7.0802381e-08 265.03573
-77.1 6.25 1.4118018e-08 -3.8178214e-08 237.95921
-76.5 6.25 -1.5798207e-09 -1.2185573e-08 95.7228
-75.9 6.25 -2.0560398000000002e-09 -8.554745400000001e-09 118.69157
-75.3 6.25 -1.286197e-09 -1.057606e-08 90.22763
-74.7 6.25 3.5674257000000002e-09 -1.5013793e-08 92.03408
-74.1 6.25 6.675559500000001e-09 -2.1133951e-08 97.11809
-73.5 6.25 1.0705056000000002e-08 -3.2179985000000006e-08 94.95595
-72.9 6.25 9.9462598e-09 -3.7050768e-08 93.70825
-72.3 6.25 6.2921919e-09 -2.9813679000000005e-08 92.3577
-71.7 6.25 1.337532e-09 -1.4319651000000001e-08 100.44426
-71.1 6.25 2.8767523000000003e-10 -2.3789826000000004e-09 113.5579
-33.9 6.25 8.681340100000001e-08 -1.2267173e-08 154.45189
-33.3 6.25 3.4132199000000006e-07 -9.091283600000001e-09 168.46433000000002
36.9 6.75 5.2400661000000005e-09 -3.6765137e-10 216.15972
37.5 6.75 2.1939021000000002e-08 -7.764511e-09 218.5629
38.1 6.75 5.9185356000000005e-08 -7.4955919e-09 203.56329
38.7 6.75 1.0921073e-08 -7.1114765e-11 213.46361000000002
-82.5 6.75 3.8888655e-07 -5.1386516e-07 225.74533
-81.9 6.75 7.681183900000001e-08 -1.3852041e-07 231.29021
-81.3 6.75 -1.2429650000000002e-08 -7.180518600000001e-08 251.64912
-80.7 6.75 -1.4031668000000001e-08 -7.897051500000001e-08 99.9843
-80.1 6.75 -1.7336718e-08 -9.374838500000001e-08 92.0114
-79.5 6.75 -2.1723839e-08 -1.0802933000000001e-07 92.56425
-78.9 6.75 -2.3891274e-08 -1.0562435000000002e-07 264.03812
-78.3 6.75 -6.938514e-09 -8.295612100000001e-08 259.72189000000003
-77.7 6.75 -3.4802353e-09 -6.0882303e-08 111.95306
-77.1 6.75 -1.2277391e-08 -3.4067064000000004e-08 92.04032
-76.5 6.75 -8.3371009e-10 -2.1414382000000002e-08 118.98367
-75.9 6.75 1.4501791e-09 -1.5529931000000002e-08 126.43936
-75.3 6.75 1.9284563e-12 -9.043569700000002e-09 116.30772
-74.7 6.75 1.917386e-09 -1.0297024e-08 97.6617
-74.1 6.75 5.163016800000001e-09 -1.6367052000000004e-08 96.80921000000001
-73.5 6.75 1.2090448000000002e-08 -2.6475522000000005e-08 99.01394
-72.9 6.75 1.4428322e-08 -4.3183409e-08 94.08147
-72.3 6.75 1.0367540000000001e-08 -3.7207326e-08 269.10522000000003
-71.7 6.75 2.6446395e-09 -2.1031034e-08 263.79177000000004
-71.1 6.75 2.5917087e-10 -2.2917762e-09 257.42735
-33.9 6.75 1.9033347000000003e-07 4.1927985e-09 171.6104
-33.3 6.75 2.1115285000000002e-07 3.3160693000000003e-10 172.63344
38.1 7.25 4.126853e-08 7.7829498e-11 193.43544
38.7 7.25 3.3587337e-08 -7.376751700000001e-10 195.98408
-82.5 7.25 4.0925150000000003e-07 -5.471145800000001e-07 223.52377
-81.9 7.25 1.585041e-08 -1.1195379e-07 235.76037
-81.3 7.25 -1.658013e-09 -8.059677900000001e-08 242.77492
-80.7 7.25 -1.3749026000000001e-08 -7.442209600000001e-08 90.86449
-80.1 7.25 -2.3762573000000002e-08 -9.7450284e-08 264.87059
-79.5 7.25 -2.2654108000000004e-08 -1.0197742e-07 267.59554
-78.9 7.25 -2.6484089000000003e-08 -9.832667e-08 266.25503000000003
-78.3 7.25 -7.2830825000000004e-09 -7.530510900000001e-08 90.54856
-77.7 7.25 -6.2729197e-09 -5.5190206000000006e-08 100.6042
-77.1 7.25 -1.0815032000000001e-08 -3.7737946000000006e-08 108.19395
-76.5 7.25 1.5904720000000002e-09 -2.7696607000000004e-08 123.16699
-75.9 7.25 4.6286204e-09 -2.3220669000000004e-08 129.96462
-75.3 7.25 3.2022114000000003e-09 -1.5388516e-08 126.51058
-74.7 7.25 2.8036255e-09 -1.2124629000000002e-08 110.01107
-74.1 7.25 4.9440001999999995e-09 -1.541664e-08 98.64302
-73.5 7.25 5.5276563e-09 -1.6488768000000002e-08 96.32024
-72.9 7.25 1.7352152e-08 -4.4858297e-08 91.36669
-72.3 7.25 1.6208398e-08 -4.3098946000000004e-08 90.3997
-71.7 7.25 4.3551938000000005e-09 -3.414488e-08 266.05969
-37.5 7.25 2.2139301e-08 -1.1369336000000002e-08 139.16643
-36.9 7.25 8.6109357e-08 -4.9062410000000004e-08 139.14392
-36.3 7.25 1.1465248000000001e-07 -8.708247700000001e-08 136.33481
-35.7 7.25 1.3323765000000002e-07 -1.0560676e-07 135.30298
-35.1 7.25 1.5647315000000002e-07 -1.2098291e-07 135.39642
-34.5 7.25 2.0088297e-07 -1.4137092999999999e-07 137.31141
-33.9 7.25 2.8659189e-07 -8.892737e-08 148.88926
-33.3 7.25 9.454254000000001e-08 -1.3255004e-08 153.57323
38.1 7.75 2.4592832000000003e-08 1.6926033000000002e-12 193.03789999999998
38.7 7.75 4.3171132000000006e-08 -4.2045147e-09 201.30468000000002
39.3 7.75 1.5265488e-08 -6.3776048e-10 215.09069
-83.1 7.75 5.4013920000000004e-08 -3.0079324000000004e-07 200.62017
-82.5 7.75 2.2300853000000002e-07 -6.7949804e-07 216.73973999999998
-81.9 7.75 7.0444774e-08 -1.5520512e-07 229.03456
-81.3 7.75 4.6149326e-08 -1.4569757000000001e-07 235.03578
-80.7 7.75 2.2348900000000002e-08 -1.4554992e-07 238.57941
-80.1 7.75 3.5111313000000006e-08 -1.1800607000000001e-07 231.69713
-79.5 7.75 -7.775507400000001e-09 -7.4909663e-08 248.191
-78.9 7.75 -2.212583e-08 -7.1354927e-08 264.93690000000004
-78.3 7.75 2.4798345000000002e-08 -7.4095728e-08 113.68809999999999
-77.7 7.75 9.3540221e-10 -5.8838913000000004e-08 107.9297
-77.1 7.75 -3.6646382000000005e-09 -4.5626813e-08 117.46904
-76.5 7.75 3.7652648e-09 -3.7469972e-08 125.35206
-75.9 7.75 6.493734400000001e-09 -3.1456691e-08 131.04457
-75.3 7.75 5.5979448e-09 -2.3407087000000004e-08 128.30695
-74.7 7.75 4.6811155e-09 -1.7286598000000002e-08 114.30891
-74.1 7.75 6.0523166e-09 -1.7706513999999998e-08 101.81625
-73.5 7.75 9.549164400000001e-09 -2.1725361e-08 95.34705
-72.9 7.75 1.0025628e-08 -2.8801235e-08 92.17165
-72.3 7.75 1.7871511000000002e-08 -4.1087199e-08 91.93667
-71.7 7.75 1.3998193000000001e-08 -4.4744568e-08 98.71251
-71.1 7.75 6.2847431000000005e-09 -1.3022923e-08 105.39868
-39.3 7.75 6.8858307e-09 -3.8678215e-09 134.72687
-38.7 7.75 7.0794304e-08 -3.1867509000000004e-08 144.86278
-38.1 7.75 1.8037439e-07 -9.335386400000001e-08 142.44771
-37.5 7.75 2.7676186e-07 -1.3023141000000003e-07 144.51985
-36.9 7.75 2.0066899000000003e-07 -1.4101602000000002e-07 138.09329
-36.3 7.75 1.5103101e-07 -1.1543955e-07 135.93824999999998
-35.7 7.75 1.2548603000000002e-07 -9.867934400000001e-08 135.28505
-35.1 7.75 1.0849592000000001e-07 -8.1956998e-08 135.58257
-34.5 7.75 8.504730800000001e-08 -4.7287577e-08 137.32758
-33.9 7.75 2.6875336000000002e-08 -1.1055892e-08 137.67225
38.1 8.25 9.876903000000002e-09 -7.8320052e-10 212.26027
38.7 8.25 3.5186277e-08 -5.4428313e-09 204.7602
39.3 8.25 3.7801426e-08 -8.8995158e-10 193.78113000000002
-83.7 8.25 1.7936574e-08 -5.801431700000001e-07 207.06143
-83.1 8.25 6.851348900000001e-08 -8.0672831e-07 206.99775
-82.5 8.25 2.0557172e-07 -5.2769975e-07 215.73865
-81.9 8.25 1.3762023e-07 -2.2678012000000003e-07 223.7975
-81.3 8.25 5.8417249e-08 -1.2116084e-07 228.53241
-80.7 8.25 -1.6636291e-08 -7.237845900000001e-08 245.60742
-80.1 8.25 -9.410992500000002e-09 -3.4554819000000006e-08 232.7832
-79.5 8.25 1.3186507000000002e-09 -3.8946132e-08 250.89626
-78.9 8.25 2.4658116e-09 -4.156602300000001e-08 226.14193
-78.3 8.25 -2.7092427e-09 -3.1484072e-08 144.58847
-77.7 8.25 -2.5580931e-09 -8.137495e-08 263.46394
-77.1 8.25 -5.431071e-09 -5.5533968e-08 113.08021
-76.5 8.25 2.7332793e-09 -4.2751033000000004e-08 122.89355
-75.9 8.25 4.4688601e-09 -4.0013453e-08 132.32022
-75.3 8.25 6.363072e-09 -3.3626787e-08 128.55993999999998
-74.7 8.25 6.0747475e-09 -2.4082881000000003e-08 114.15294
-74.1 8.25 7.8190338e-09 -2.1029363000000002e-08 102.3049
-73.5 8.25 9.876103000000002e-09 -2.3310286000000003e-08 97.84372
-72.9 8.25 8.5952884e-09 -2.2111073000000002e-08 95.25525999999999
-72.3 8.25 8.965728800000002e-09 -2.2591445000000003e-08 92.3374
-71.7 8.25 3.0298818e-08 -4.4583452e-08 97.7027
-71.1 8.25 2.7669686e-08 -3.886657000000001e-08 99.42245
-70.5 8.25 2.5576919000000003e-09 -7.2989465e-09 106.6587
-60.9 8.25 1.5226461000000001e-09 -1.3678721e-10 108.21955
-60.3 8.25 7.489684000000001e-10 -1.009349e-10 252.79076
-39.9 8.25 4.457527000000001e-08 -1.1229822000000001e-08 148.73393
-39.3 8.25 1.9302194000000001e-07 -6.274021700000001e-08 147.8666
-38.7 8.25 2.4745228e-07 -1.0227235e-07 147.24331999999998
-38.1 8.25 1.5236113000000002e-07 -7.185778600000001e-08 143.56918000000002
-37.5 8.25 3.7476117000000005e-08 -9.0832944e-09 142.67439000000002
38.7 8.75 1.4140416000000001e-08 4.3860497000000003e-10 219.98671
39.3 8.75 5.0776716e-08 -1.4511944e-08 217.23196000000002
39.9 8.75 4.9497012e-08 -6.329896200000001e-09 210.19765999999998
-85.5 8.75 -1.4195754000000002e-09 -1.1545244e-07 207.95381
-84.9 8.75 8.5022236e-09 -3.7663474000000005e-07 192.03999
-84.3 8.75 -1.2243345e-08 -4.5772364e-07 193.67182
-83.7 8.75 6.9342512e-08 -5.2379634e-07 216.88492
-83.1 8.75 -4.638268e-08 -8.690332100000001e-08 239.54514
-82.5 8.75 -1.8075877000000003e-10 -8.773364900000001e-08 228.56606
-81.9 8.75 9.075202900000002e-09 -5.0205545000000004e-08 223.24691
-81.3 8.75 3.8451060000000006e-09 -5.6681599e-08 232.45684
-80.7 8.75 9.6834477e-09 -6.4228828e-08 230.47704
-80.1 8.75 1.1310249000000002e-08 -8.483693700000002e-08 228.41388
-79.5 8.75 1.3679965e-08 -6.788399800000001e-08 222.70617
-78.9 8.75 2.112451e-08 -6.348859e-08 224.01549
-78.3 8.75 -4.4744722e-09 -5.206369e-08 212.84503999999998
-77.7 8.75 4.0541125000000004e-10 -5.9325958000000004e-08 216.77038
-77.1 8.75 -1.538104e-08 -2.9864985e-08 107.94032
-76.5 8.75 -5.6070562e-09 -3.625877e-08 123.47064
-75.9 8.75 -5.5812924e-09 -3.8321258000000006e-08 140.18079
-75.3 8.75 5.5459998000000004e-09 -4.897505300000001e-08 123.52896
-74.7 8.75 4.8812168000000005e-09 -2.7752245e-08 111.64071
-74.1 8.75 6.883789900000001e-09 -2.3517347000000003e-08 104.25314
-73.5 8.75 8.0815996e-09 -2.1866378000000003e-08 100.78357
-72.9 8.75 6.5994595e-09 -1.9067505000000003e-08 97.35433
-72.3 8.75 8.0259496e-09 -1.8228208e-08 92.4916
-71.7 8.75 1.3011574000000001e-08 -2.4332159000000003e-08 102.54654
-71.1 8.75 3.6876479e-08 -3.9586499000000005e-08 96.09049
-70.5 8.75 2.1860222000000003e-08 -3.5855693000000005e-08 98.43759
-69.9 8.75 4.591499100000001e-09 -8.9605239e-09 106.03156
-62.1 8.75 6.3864296e-09 -5.1370049e-10 112.82251
-61.5 8.75 9.7594223e-09 8.7194245e-10 100.12574000000001
-60.9 8.75 4.90358e-09 -6.5917149e-10 108.3888
-60.3 8.75 7.3826264e-10 -1.8122138000000003e-09 252.42725
-40.5 8.75 9.665902199999999e-08 -1.7938678e-08 153.44162
-39.9 8.75 2.8367858000000005e-07 -8.1858447e-08 151.52913999999998
-39.3 8.75 1.6706334000000003e-07 -8.0935769e-08 145.23314
-38.7 8.75 4.2641224e-08 -5.221355800000001e-09 144.44344
39.9 9.25 6.321900100000001e-08 1.4097449e-09 193.32799
40.5 9.25 1.737069e-08 5.9264947e-10 217.97168
-85.5 9.25 9.3051507e-08 -5.0591052e-07 215.02877999999998
-84.9 9.25 -1.0846053e-08 -6.2526726e-07 198.10645
-84.3 9.25 9.722271800000001e-10 -5.494080000000001e-07 198.3761
-83.7 9.25 8.5502788e-08 -4.2775572e-07 207.17261000000002
-83.1 9.25 6.7639579e-08 -3.1325164000000005e-07 216.20578
-82.5 9.25 1.2906302000000002e-07 -3.0954476e-07 226.51062
-81.9 9.25 9.1966934e-08 -2.2253789000000003e-07 221.51215
-81.3 9.25 6.387395000000001e-08 -1.1322961e-07 219.61763
-80.7 9.25 2.5258769000000004e-08 -7.221280600000001e-08 221.42371
-80.1 9.25 -2.180923e-09 -4.4681453000000004e-08 237.03579
-79.5 9.25 -5.925255e-09 -3.9072871000000004e-08 194.05597
-78.9 9.25 7.842599900000001e-09 -3.4427563e-08 210.78667000000002
-78.3 9.25 -3.2387289e-09 -2.9748317e-08 201.05292
-77.7 9.25 1.1698542000000001e-09 -3.9016112999999996e-08 201.22099
-77.1 9.25 -8.7161716e-09 -3.4117176000000004e-08 179.33433
-76.5 9.25 -1.0751272e-08 -4.1865504000000006e-08 134.293
-75.9 9.25 2.9522787e-09 -2.9390093000000004e-08 100.19244
-75.3 9.25 4.8023304e-09 -3.8147989000000005e-08 116.43919
-74.7 9.25 6.3957323e-10 -2.9662163e-08 115.5693
-74.1 9.25 2.4616829000000002e-09 -2.3099553e-08 109.8754
-73.5 9.25 4.6363708e-09 -1.9741169000000002e-08 106.28337
-72.9 9.25 6.304859000000001e-09 -1.7283831e-08 100.49334999999999
-72.3 9.25 6.2608555e-09 -1.7962782000000003e-08 96.65324
-71.7 9.25 1.3221025e-08 -2.7707775000000003e-08 108.14151
-71.1 9.25 9.4712497e-09 -2.137581e-08 106.20884
-70.5 9.25 2.0064502e-08 -3.458818e-08 103.75832
-69.9 9.25 3.1921346e-08 -4.6444041e-08 97.47729
-69.3 9.25 2.4444542e-08 1.4036165e-09 256.64374
-68.7 9.25 8.187013000000002e-09 4.4798304000000004e-10 105.0543
-68.1 9.25 2.7592636e-09 -3.1733133e-09 141.97050000000002
-67.5 9.25 4.8800728e-09 -5.359667e-09 153.19981
-66.9 9.25 1.1990639e-08 -3.3956776e-09 115.00607
-66.3 9.25 1.7176884e-08 -2.5381871000000002e-09 109.58671
-65.7 9.25 9.7769274e-09 -3.8153495e-09 124.50198
-65.1 9.25 7.8660613e-09 -8.4211032e-09 138.12777
-64.5 9.25 9.434303600000001e-09 -9.8872531e-09 135.6749
-63.9 9.25 1.0074896e-08 -8.5379116e-09 131.23314
-63.3 9.25 1.0155247e-08 -7.604953900000001e-09 130.47332
-62.7 9.25 1.3025451e-08 -7.0135835e-09 128.61195
-62.1 9.25 2.0067743000000002e-08 -7.443056800000001e-09 126.74597
-61.5 9.25 1.3342998e-08 -2.6826150000000005e-09 116.22984
-60.9 9.25 4.4235213e-09 -4.4607643e-09 113.16177
-60.3 9.25 -1.1695764e-09 -5.6355288e-09 99.10869
-41.1 9.25 9.389985400000001e-08 -2.2326089e-08 158.2421
-40.5 9.25 2.8597137e-07 -5.9931305e-08 155.01288
-39.9 9.25 1.0813034e-07 -2.1205712e-08 154.06209
39.9 9.75 4.1030516e-08 2.7145033000000005e-10 183.95665
40.5 9.75 2.9522014e-08 7.5272706e-09 210.07458
41.1 9.75 2.5233986000000002e-08 -7.5483817e-11 252.85512
41.7 9.75 2.2031053e-08 -1.2476676000000002e-10 255.23681
42.3 9.75 1.791187e-08 -5.096715200000001e-10 255.68061
42.9 9.75 1.2962679e-08 -3.4562934000000003e-10 253.66054
43.5 9.75 5.428547700000001e-09 -1.4551872e-10 236.73607
-86.7 9.75 1.0381328e-08 -2.1471610000000002e-07 228.83541
-86.1 9.75 9.1518983e-08 -6.9950063e-07 206.02084000000002
-85.5 9.75 6.4822001e-08 -7.9161262e-07 213.02972
-84.9 9.75 4.6653829000000004e-08 -2.3625687e-07 212.79627
-84.3 9.75 3.7754461e-08 -3.0567913e-07 202.32246
-83.7 9.75 4.0289455e-08 -1.8314956000000001e-07 202.84620999999999
-83.1 9.75 1.7133781e-08 -1.9123649e-07 192.73618
-82.5 9.75 1.9317837e-10 -2.0316444e-07 232.23626
-81.3 9.75 5.796402e-09 -3.5909449000000003e-09 205.75682999999998
-80.7 9.75 1.0778561e-08 -2.1013223000000003e-08 205.44835
-80.1 9.75 6.398402800000001e-09 -2.0027380000000003e-08 204.62074
-79.5 9.75 8.592562900000001e-10 -2.5762468e-08 202.67816
-78.9 9.75 -2.5031031000000003e-09 -1.5466019e-08 199.77229
-78.3 9.75 -9.844332600000001e-10 -2.2684698000000004e-08 195.8632
-77.7 9.75 1.0069545000000001e-09 -1.3372085000000001e-08 202.97728
-76.5 9.75 -1.3565178000000001e-09 -3.1465746000000004e-08 111.51132
-75.9 9.75 -9.4036019e-09 -3.4776260000000003e-08 115.3353
-75.3 9.75 -6.0006907e-09 -3.9071545000000005e-08 128.68756
-74.7 9.75 -8.6545882e-10 -3.2228729000000007e-08 125.68162000000001
-74.1 9.75 -9.3258273e-10 -2.4819623000000002e-08 120.20962
-73.5 9.75 1.0193814e-09 -1.7333160000000002e-08 116.92958
-72.9 9.75 5.9599058e-09 -1.5090824e-08 112.16648
-72.3 9.75 6.6200345e-09 -1.6951156e-08 112.51746
-71.7 9.75 8.630898500000002e-09 -2.7805346e-08 129.34525
-71.1 9.75 1.1652013000000002e-08 -2.9682999e-08 141.77356
-70.5 9.75 2.2911044000000003e-08 -3.6930551e-08 116.46965
-69.9 9.75 6.2148205e-08 -8.0831099e-08 112.27428
-69.3 9.75 3.8375556e-08 -2.9954750000000006e-08 117.81616
-68.7 9.75 2.3583394e-08 -1.661039e-08 129.44577
-68.1 9.75 1.3559534e-08 -1.5355689000000002e-08 121.80512999999999
-67.5 9.75 6.2471809e-09 -1.6714741e-08 105.63935000000001
-66.9 9.75 1.1499149e-08 1.8902643e-09 160.67152
-66.3 9.75 1.7820900000000002e-08 6.261385e-09 153.37884
-65.7 9.75 1.7978216e-08 -9.027025200000002e-09 136.51736
-65.1 9.75 2.0562251e-08 -1.8014799e-08 134.97055
-64.5 9.75 2.3578448e-08 -1.9501964000000003e-08 131.70878
-63.9 9.75 2.2905756000000002e-08 -1.7381034e-08 129.76145
-63.3 9.75 2.2547416e-08 -1.7383051e-08 130.22487999999998
-62.7 9.75 2.6295815000000003e-08 -1.880269e-08 130.02904999999998
-62.1 9.75 3.3081536e-08 -1.9039452e-08 129.33161
-61.5 9.75 2.029945e-08 -6.4877109000000004e-09 117.73405
-60.9 9.75 1.1028603000000002e-08 -1.4743997000000002e-08 127.40203
-60.3 9.75 1.1349828e-08 -2.8344992000000004e-08 131.89431
-59.7 9.75 1.2226345e-08 -2.5168050000000003e-08 136.38643
-59.1 9.75 4.967913300000001e-09 -1.7295812e-08 138.74802
-58.5 9.75 4.75954e-10 -8.6624162e-09 138.9153
-41.1 9.75 1.9080918000000002e-07 9.6854782e-10 177.57448
-40.5 9.75 1.9396617e-07 6.2749441e-09 176.92826
39.9 10.25 3.2199734e-08 3.8676025e-09 182.99759
40.5 10.25 1.8796885e-08 7.7893767e-09 188.70945
41.1 10.25 1.3088862000000001e-08 7.109961900000001e-09 237.3529
41.7 10.25 1.3983013000000001e-08 2.3146226e-09 252.89787
42.3 10.25 1.2394104000000002e-08 3.9319346e-10 249.52666
42.9 10.25 9.451974500000001e-09 -2.4054175e-10 238.44829
43.5 10.25 8.208855200000001e-09 -2.3571905000000004e-09 218.41163
-87.3 10.25 4.7286878e-09 -2.2456489e-07 229.2595
-86.7 10.25 2.8774324e-09 -4.9279613e-07 219.54868
-86.1 10.25 1.2643431e-07 -4.9846695e-07 215.42444
-85.5 10.25 5.4628396000000005e-08 -1.5675111999999998e-07 206.11703
-84.9 10.25 4.8179731e-08 -8.3769426e-08 218.06789
-84.3 10.25 -5.3556833000000004e-08 -6.790242700000001e-08 161.42113
-83.7 10.25 -2.7714199000000003e-09 -8.005686700000001e-08 191.12648000000002
-83.1 10.25 3.129218e-08 -1.6475344000000003e-07 210.47116
-82.5 10.25 -8.727041500000001e-10 -1.0328764000000001e-07 215.81058000000002
-80.7 10.25 5.6162326e-10 -3.0935254e-09 161.31414
-80.1 10.25 -5.0450887e-10 -1.0159527000000001e-08 176.94474
-79.5 10.25 1.5152762e-09 -1.3083955e-08 184.68408
-78.9 10.25 -6.139218100000001e-10 -1.2026430000000001e-08 187.36058
-78.3 10.25 5.8235874e-10 -6.7423154000000005e-09 200.28942
-76.5 10.25 -7.762607100000001e-11 -1.7616644e-08 127.97632
-75.9 10.25 -9.993599100000001e-09 -5.0230865e-08 114.30436
-75.3 10.25 1.7453159e-09 -4.628572e-08 140.12844
-74.7 10.25 3.3012128e-09 -4.1271019e-08 132.47165999999999
-74.1 10.25 1.2217154e-09 -3.186537e-08 128.4733
-73.5 10.25 4.4150605e-10 -2.3958612000000002e-08 119.93785
-72.9 10.25 1.4132257e-08 -1.3297832e-08 159.44686000000002
-72.3 10.25 2.2094757000000002e-08 -2.3491354000000002e-08 138.83434
-71.7 10.25 3.0572248e-08 -5.6787325000000005e-08 143.15381
-71.1 10.25 2.653015e-08 -5.5579920000000006e-08 129.90075000000002
-70.5 10.25 1.8310605e-08 -2.8999759000000004e-08 120.60884
-69.9 10.25 2.4317924000000002e-08 -4.3060609e-08 130.89801
-69.3 10.25 2.7936101000000002e-08 -3.9203115e-08 104.92193
-68.7 10.25 3.4054659000000003e-08 -3.9436813e-08 115.87263
-68.1 10.25 3.1249365000000005e-08 -3.4526593e-08 117.64193
-67.5 10.25 2.3382116e-08 -4.2120362000000006e-08 114.08106000000001
-66.9 10.25 4.080766e-08 -2.5710445000000003e-08 125.04559
-66.3 10.25 5.364048e-08 -3.8971883e-09 163.50880999999998
-65.7 10.25 4.164925600000001e-08 -2.5023169e-08 137.92351
-65.1 10.25 4.4882675000000005e-08 -3.600869500000001e-08 134.06540999999999
-64.5 10.25 4.6773432000000003e-08 -3.6392452e-08 130.16051
-63.9 10.25 4.2235113e-08 -3.1253002e-08 130.25677000000002
-63.3 10.25 4.4646974e-08 -3.1879067e-08 131.39493
-62.7 10.25 5.1545815e-08 -3.6724067000000003e-08 132.12745
-62.1 10.25 6.7687344e-08 -5.0081562000000004e-08 132.21779
-61.5 10.25 5.1837462000000005e-08 -5.2243934000000007e-08 137.45914
-60.9 10.25 3.533945400000001e-08 -5.2682699e-08 133.73894
-60.3 10.25 1.9986929000000003e-08 -3.6636159999999996e-08 129.10699
-59.7 10.25 1.2467848e-08 -3.9959972000000006e-08 130.19425
-59.1 10.25 9.3976562e-09 -3.3295994e-08 128.13699
-58.5 10.25 8.1477458e-09 -3.198744e-08 125.90970999999999
-57.9 10.25 1.2433609000000002e-09 -1.4105444e-08 125.41599
-44.1 10.25 5.4734014e-10 -4.2746601e-09 198.84223
-43.5 10.25 4.2302031e-09 -1.0512168e-08 157.71409
-42.9 10.25 1.1158838000000001e-10 -5.872131000000001e-09 142.11701
-41.1 10.25 2.1075397000000003e-07 1.0613899000000001e-08 174.77717
-40.5 10.25 1.7404776000000003e-07 -6.3106053e-09 175.87997000000001
39.9 10.75 2.6831162e-08 1.5238731000000002e-09 173.47438
40.5 10.75 2.1152933000000003e-08 4.840563900000001e-09 166.09109999999998
41.1 10.75 1.3635664000000001e-08 7.8747161e-09 148.95857
41.7 10.75 1.2389019e-08 4.613397300000001e-09 95.88937
42.3 10.75 1.1526705e-08 7.460737600000001e-10 260.83197
42.9 10.75 8.504857100000001e-09 -5.0312854e-10 236.73816
43.5 10.75 9.3732049e-09 -3.4017075000000003e-09 217.40008
-88.5 10.75 -1.4944237e-10 -1.3536946e-07 222.23844
-87.9 10.75 2.6059566e-08 -2.8654295000000003e-07 210.66737
-87.3 10.75 -2.127211e-09 -4.0613266e-07 221.31319
-86.7 10.75 4.8184565e-08 -3.3560647000000003e-07 215.20089000000002
-86.1 10.75 6.000397300000001e-08 -2.630589e-07 226.09256
-85.5 10.75 3.4203927e-08 -2.003887e-07 206.86723999999998
-84.9 10.75 8.2586012e-08 -2.8391276e-07 191.71364
-84.3 10.75 1.7107601e-08 -1.9246093e-07 206.53761
-83.7 10.75 4.6163875000000004e-10 -1.3069645e-07 205.68721
-83.1 10.75 -2.2851306e-09 -4.0228316e-08 222.17893
-75.9 10.75 3.1444518000000004e-09 -2.2879739000000003e-08 119.80602999999999
-75.3 10.75 2.0920724e-08 -5.8533598000000004e-08 123.22385
-74.7 10.75 7.7865111e-09 -4.7466715e-08 133.60842
-74.1 10.75 6.5470606e-09 -4.2044114000000006e-08 134.84382
-73.5 10.75 9.5267117e-09 -3.9719351e-08 139.04125
-72.9 10.75 2.6072452e-08 -2.5391398e-08 157.27488
-72.3 10.75 3.7118151e-08 -2.5759669e-08 177.70752
-71.7 10.75 -6.7726033e-10 -1.0738723e-08 159.77865
-71.1 10.75 1.3607587000000001e-08 -5.6072388e-08 104.75241
-70.5 10.75 5.4799746e-09 -3.1503796e-08 108.50677
-69.9 10.75 1.0171487000000002e-08 -3.5440752000000006e-08 128.2274
-69.3 10.75 1.1191051e-08 -1.2434071e-08 105.98814
-68.7 10.75 2.0029542e-08 -2.5106222e-08 111.80599000000001
-68.1 10.75 3.2341096e-08 -3.6566207e-08 116.74123
-67.5 10.75 4.2867799e-08 -4.2569599e-08 116.91291
-66.9 10.75 5.3576179000000004e-08 -4.637398300000001e-08 134.76864
-66.3 10.75 6.1346255e-08 -2.4980176000000003e-08 155.44168000000002
-65.7 10.75 1.0838708e-07 -3.650124000000001e-08 150.62126
-65.1 10.75 8.5813069e-08 -8.544156800000001e-08 126.41346
-64.5 10.75 6.0193943e-08 -6.0275619e-08 123.38156000000001
-63.9 10.75 4.5447602e-08 -3.7298220000000005e-08 128.96564999999998
-63.3 10.75 4.8344566e-08 -3.4907933e-08 132.59013
-62.7 10.75 5.7143493000000006e-08 -3.094916e-08 133.92958
-62.1 10.75 5.5700336000000004e-08 -1.2397884e-08 136.62293
-61.5 10.75 7.717272900000002e-09 -9.2759706e-10 131.00148000000002
-60.9 10.75 -1.8148551e-09 -4.9299949e-08 106.57171
-60.3 10.75 -5.8258143e-10 -4.2665382e-08 119.19335
-59.7 10.75 7.135261800000001e-09 -3.841985e-08 120.26359
-59.1 10.75 6.824909400000001e-09 -3.5598541e-08 120.53129
-58.5 10.75 5.966368400000001e-09 -3.1412673e-08 119.60342
-57.9 10.75 5.2996864e-09 -3.3459077000000003e-08 118.6606
-57.3 10.75 1.8312099e-09 -1.2469716e-08 118.05664
-44.1 10.75 1.1973147000000001e-08 -4.7316755e-09 178.70333
-43.5 10.75 5.363458500000001e-08 -3.9617693e-08 145.53392
-42.9 10.75 1.0950887000000001e-07 -7.780394200000001e-08 139.28905
-42.3 10.75 1.6855471000000002e-07 -1.2627071e-07 139.45334
-41.7 10.75 2.4058279e-07 -1.6763936000000002e-07 141.23783
-41.1 10.75 2.4260910000000004e-07 -1.1315239e-07 146.24915
-40.5 10.75 6.9946434e-08 -1.4219637000000001e-08 157.57756
39.9 11.25 2.710691e-08 3.8884261e-10 168.15419
40.5 11.25 2.6588367000000004e-08 2.0924946000000003e-09 159.14402
41.1 11.25 2.1575463e-08 4.8381052000000005e-09 144.62797
41.7 11.25 2.0050349000000003e-08 4.1866017e-09 118.02712
42.3 11.25 2.2149748e-08 8.3681851e-12 101.51716
42.9 11.25 1.9719348e-08 -2.4748188e-09 91.56
43.5 11.25 8.3388945e-09 -3.9735797000000006e-09 235.50426
-88.5 11.25 2.71282e-08 -2.4036821000000005e-07 244.35329
-87.9 11.25 -1.7642366e-08 -2.3320186000000002e-07 223.66967
-87.3 11.25 1.6099666e-08 -3.0381993999999997e-07 207.86963
-86.7 11.25 4.7898037000000005e-08 -3.1717797000000003e-07 209.8394
-86.1 11.25 5.7445678e-09 -1.7923208e-07 218.93406
-85.5 11.25 5.8350792000000004e-08 -1.6753032e-07 212.20632999999998
-75.3 11.25 1.183138e-09 -2.7629328000000004e-08 131.8535
-74.7 11.25 6.9893735000000005e-09 -6.0290956e-08 132.95024
-74.1 11.25 6.033340500000001e-09 -4.3973649000000004e-08 139.03577
-73.5 11.25 7.2812194000000004e-09 -3.5598976000000006e-08 145.77328
-72.9 11.25 5.788452600000001e-09 -2.2221482000000002e-08 158.84882
-72.3 11.25 3.2060363000000003e-09 -1.4402375000000001e-08 208.05032
-71.7 11.25 1.2982556000000002e-08 -1.8716496e-08 251.89646
-71.1 11.25 -6.254431000000001e-09 -1.4763416e-08 118.25142
-70.5 11.25 -9.278846400000002e-09 -1.5263799000000002e-08 132.77298
-69.9 11.25 1.0155982000000001e-08 -3.9574077e-08 136.07018
-69.3 11.25 9.1073655e-09 -2.2568414000000004e-08 146.2618
-68.7 11.25 1.431125e-08 -1.8163703000000004e-08 116.73881
-68.1 11.25 2.4339852e-08 -2.6497430000000004e-08 121.47181
-67.5 11.25 3.6817212e-08 -3.299441300000001e-08 128.40629
-66.9 11.25 4.183192e-08 -3.0175885000000005e-08 138.35398
-66.3 11.25 5.0293537e-08 -2.8306067e-08 148.57518
-65.7 11.25 6.6754753e-08 -1.2989544000000001e-08 173.08488
-65.1 11.25 -3.3883674e-09 -1.2703538e-08 96.90986
-64.5 11.25 2.1454822000000002e-08 -3.1166909000000005e-08 111.73477
-63.9 11.25 2.2713734e-08 -2.9603275000000002e-08 127.43411
-63.3 11.25 3.248645900000001e-08 -3.1624669000000004e-08 131.27279
-62.7 11.25 2.7578609000000003e-08 -3.4793967000000006e-08 132.07427
-62.1 11.25 2.0834461999999998e-08 -1.857745e-08 121.7378
-61.5 11.25 2.2672559000000002e-08 -1.6392641999999998e-08 248.46028
-60.9 11.25 5.8162289e-09 -1.9433437000000003e-08 254.40587
-60.3 11.25 2.9054478000000003e-09 -2.6390938e-08 103.83586
-59.7 11.25 3.255336e-09 -3.1606204000000004e-08 110.01289
-59.1 11.25 2.6349063e-09 -3.1404708e-08 112.40813
-58.5 11.25 1.1416202e-09 -3.2131392e-08 113.89124
-57.9 11.25 -1.5142851e-10 -2.9303091e-08 110.48804
-57.3 11.25 -9.7900616e-10 -2.6246241000000003e-08 99.78831
-44.1 11.25 1.1790057e-07 9.8929168e-10 165.92140999999998
-43.5 11.25 2.4065984000000004e-07 -7.931635400000001e-08 150.2855
-42.9 11.25 1.6135596000000002e-07 -1.0714078000000002e-07 141.12619
-42.3 11.25 1.007912e-07 -6.6081418e-08 140.68714
-41.7 11.25 3.6675319e-08 -1.102231e-08 139.40502
39.9 11.75 2.9933149000000005e-08 -5.021878100000001e-10 165.91172
40.5 11.75 3.1524132e-08 1.3796175e-09 156.89987000000002
41.1 11.75 2.8007561e-08 4.2896149e-09 145.5675
41.7 11.75 2.6608416e-08 5.255875e-09 128.71839
42.3 11.75 3.1216841e-08 3.0532891000000004e-09 112.49213
42.9 11.75 4.6616392e-08 -6.3538639e-10 104.3415
43.5 11.75 8.591528700000001e-08 -1.0665112000000001e-08 100.48921
44.1 11.75 1.1030655e-07 -7.6455399e-09 104.27901
44.7 11.75 1.0001378000000001e-07 -7.407075800000001e-09 104.76093
45.3 11.75 9.363539500000001e-08 -8.6324063e-09 107.19075000000001
45.9 11.75 8.2383887e-08 -1.1837147000000001e-08 106.50601
46.5 11.75 2.6333395000000002e-08 -1.5166343000000002e-08 94.15236
-89.1 11.75 -3.2470251e-09 -1.8327903e-07 220.37876
-88.5 11.75 -3.4147213e-08 -3.8044340000000004e-07 219.56406
-87.9 11.75 -2.0277567000000002e-08 -2.8048805e-07 213.32051
-87.3 11.75 9.9542952e-09 -2.6943712e-07 206.98557
-86.7 11.75 1.8837824000000003e-08 -2.3565774000000001e-07 206.82568
-86.1 11.75 5.212870000000001e-08 -2.7660638000000004e-07 203.05417
-85.5 11.75 -1.6334793000000002e-09 -8.542236300000002e-08 217.58015
-74.7 11.75 3.0704751000000006e-10 -2.7368966e-08 137.93662
-74.1 11.75 2.9738377e-09 -5.185932300000001e-08 138.47015
-73.5 11.75 2.0809755e-09 -3.3429316e-08 144.72642
-72.9 11.75 -5.8866011e-10 -2.3051295e-08 145.54637
-72.3 11.75 -3.9246076e-09 -1.2335871e-08 129.90159
-71.7 11.75 3.6695912000000003e-09 -1.5716027000000002e-08 120.58442
-71.1 11.75 2.9566303e-09 -1.9683067000000003e-08 137.87485
-70.5 11.75 -3.785524600000001e-09 -1.621344e-08 175.02242
-69.9 11.75 1.3733551000000002e-08 -3.4007791e-08 139.31049000000002
-69.3 11.75 6.9123540000000005e-09 -1.9904091000000003e-08 140.22991
-68.7 11.75 9.0241437e-09 -1.4623847e-08 130.00512
-68.1 11.75 1.7831989e-08 -1.8939076000000003e-08 135.42208
-67.5 11.75 3.3092894e-08 -2.2589390000000003e-08 148.39915
-66.9 11.75 6.447155200000001e-08 -2.7304634e-08 148.38447
-66.3 11.75 3.7142454e-08 -3.9945429e-08 123.01243
-65.7 11.75 3.2710764e-08 -2.0397884e-08 129.75314
-65.1 11.75 3.3470894e-08 -2.6839494e-08 133.28131
-64.5 11.75 2.0629053e-08 -1.1152175e-08 147.50554
-63.9 11.75 3.3574661e-08 -1.9381857000000002e-08 146.57228
-63.3 11.75 3.8687300000000004e-08 -3.8063201e-08 133.73749
-62.7 11.75 4.2122155000000005e-08 -5.1753892000000007e-08 131.72607
-62.1 11.75 5.5528238e-08 -7.489156e-08 123.29608999999999
-61.5 11.75 3.3152321000000004e-08 -1.5167942000000002e-08 251.7783
-60.9 11.75 -1.2675717000000001e-09 -2.9934355e-08 97.85999
-60.3 11.75 5.460887e-09 -3.3818572e-08 110.05736999999999
-59.7 11.75 8.0138436e-09 -3.4124498e-08 108.11455000000001
-59.1 11.75 1.4505636000000001e-09 -3.0718148e-08 106.7541
-58.5 11.75 -1.5776289e-09 -3.3169621e-08 109.85338
-57.9 11.75 -1.4485525e-09 -3.4462913000000004e-08 107.38019
-57.3 11.75 3.8962617000000003e-10 -3.3581396e-08 99.52961
-47.1 11.75 1.4760075e-09 -5.275997e-10 156.50598
-46.5 11.75 5.9355361e-09 -4.2925833e-09 149.30666
-45.9 11.75 1.2926482000000001e-08 -1.3193694000000002e-08 148.23733
-45.3 11.75 2.7810978e-08 -2.8007191000000002e-08 147.84685000000002
-44.7 11.75 9.212657100000001e-08 -6.0655086e-08 146.95252
-44.1 11.75 2.1795005e-07 -4.4767367e-08 156.81101
-43.5 11.75 1.394881e-07 5.3905184000000004e-09 165.60763
39.9 12.25 3.3021485e-08 -6.341383600000001e-10 164.08591
40.5 12.25 3.5352302e-08 2.4159842000000003e-09 155.00362
41.1 12.25 3.1823891e-08 4.9526411e-09 148.03877
41.7 12.25 2.8544431000000002e-08 6.450569e-09 137.73331000000002
42.3 12.25 3.1315601e-08 6.0778952e-09 121.22764000000001
42.9 12.25 4.5832561e-08 3.2061489e-09 109.85422
43.5 12.25 6.03751e-08 1.4573459e-09 108.97248
44.1 12.25 7.3908198e-08 4.7962025e-09 111.26455
44.7 12.25 1.3576803000000003e-07 4.652624600000001e-09 112.98302
45.3 12.25 1.6343448000000003e-07 -1.3011232000000001e-08 105.89098
45.9 12.25 1.7852490000000003e-07 -1.4865377000000002e-08 104.10837000000001
46.5 12.25 2.3204205e-07 -3.92221e-08 100.76769
47.1 12.25 2.3149205000000002e-07 -4.2732570000000005e-08 99.38942
47.7 12.25 1.4949272e-07 -1.6180672000000002e-08 99.69451
48.3 12.25 4.4319734e-08 -2.076527e-08 267.28165
-90.9 12.25 -6.073121200000001e-10 -7.042977000000002e-08 216.11677
-90.3 12.25 6.0549486000000004e-09 -2.0616876e-07 202.45639
-89.7 12.25 1.0143971e-08 -3.4759737000000006e-07 199.92792
-89.1 12.25 -3.0802983000000006e-08 -4.3271550000000006e-07 210.02507
-88.5 12.25 -3.4025721e-08 -3.1552783000000004e-07 207.51977
-87.9 12.25 -1.0698837e-08 -3.2369802e-07 204.33431000000002
-87.3 12.25 1.0672724000000002e-08 -2.5368265e-07 201.57026000000002
-86.7 12.25 2.2779257000000004e-08 -1.9617274000000003e-07 201.8992
-86.1 12.25 1.5068176e-08 -1.0220731000000001e-07 224.85196
-74.1 12.25 1.9787827000000003e-11 -2.2375547000000002e-08 140.52537999999998
-73.5 12.25 2.9813937000000005e-10 -4.0099735000000007e-08 140.22391
-72.9 12.25 -8.035285700000001e-10 -2.4592811000000003e-08 141.815
-72.3 12.25 -4.8670328e-10 -2.1060109000000003e-08 136.26409999999998
-71.7 12.25 3.4065581e-09 -1.983112e-08 134.63542
-71.1 12.25 3.0472392e-09 -1.9124182e-08 141.23685
-70.5 12.25 2.9508557e-09 -6.6622768e-09 108.39926
-69.9 12.25 1.5740834000000002e-08 -1.9671898e-08 130.25875
-69.3 12.25 9.5926735e-09 -2.0283926e-08 146.26898
-68.7 12.25 9.6014549e-09 -1.6101096e-08 148.10232
-68.1 12.25 1.5986661e-08 -1.7735675000000003e-08 152.10272
-67.5 12.25 2.6407994e-08 -1.9400035e-08 160.51522
-66.9 12.25 4.0214902e-08 -1.5691104e-08 179.41423
-66.3 12.25 2.0906058e-10 -1.4177998e-08 93.80961
-65.7 12.25 2.7134151000000002e-08 -1.4179779000000001e-08 125.81864
-65.1 12.25 2.0477123e-08 -2.8445963e-08 136.60395
-64.5 12.25 1.4845358e-08 -2.8585606e-08 156.40428
-63.9 12.25 7.0916875e-09 -9.965965300000001e-10 151.71742
-62.1 12.25 4.6428174e-10 -6.6477893e-08 146.03737
-61.5 12.25 -3.258776e-08 -3.7979631e-08 198.27642
-60.9 12.25 1.0925062000000002e-09 -1.9642038e-08 97.17347
-60.3 12.25 1.3925356000000002e-08 -4.5388088000000004e-08 113.21099
-59.7 12.25 1.7227355e-08 -4.3241665e-08 106.30357000000001
-59.1 12.25 1.5117572e-09 -3.4184984999999997e-08 103.74086
-58.5 12.25 -1.9558356e-09 -3.9423113e-08 109.31664
-57.9 12.25 -1.4241071e-10 -3.9085436e-08 104.64099
-57.3 12.25 8.419762000000001e-10 -3.9523820000000006e-08 98.56682
-47.1 12.25 1.162976e-08 -3.1845679000000005e-11 160.67977000000002
-46.5 12.25 2.3772852000000003e-08 -5.292162600000001e-09 153.40892
-45.9 12.25 4.3148828e-08 -1.2621991000000001e-08 153.4179
-45.3 12.25 7.953785400000001e-08 -2.5752923e-08 153.40343000000001
-44.7 12.25 1.4904379e-07 -3.3832299e-08 154.95915
-44.1 12.25 1.4031011000000002e-07 -2.6964694000000002e-08 157.82274
-43.5 12.25 3.0604781e-08 -6.7815594e-09 155.35518000000002
39.9 12.75 3.6258605000000004e-08 -8.2408996e-10 160.36114
40.5 12.75 3.8870264e-08 3.2873944000000003e-09 153.43869
41.1 12.75 3.4053989e-08 5.2425702000000005e-09 149.7115
41.7 12.75 2.8912403000000004e-08 6.5601117000000005e-09 141.50377
42.3 12.75 2.9513101e-08 5.770584600000001e-09 126.32921999999999
42.9 12.75 3.4112981e-08 3.2764454000000004e-09 118.86632
43.5 12.75 3.6286578000000004e-08 4.3628578e-09 120.46916999999999
44.1 12.75 3.944633900000001e-08 6.066729e-09 127.64010999999999
44.7 12.75 4.0893828e-08 2.07745e-09 153.3139
47.1 12.75 3.1347834000000004e-08 -1.6001539000000002e-08 90.31001
47.7 12.75 1.2086087000000002e-07 -1.4090087000000002e-08 98.98736
48.3 12.75 2.2911652000000003e-07 -4.352186e-08 97.07363
48.9 12.75 2.2550477000000002e-07 -4.6545438e-08 95.39375
49.5 12.75 5.157871200000001e-08 -2.2671262e-08 263.02234
-92.1 12.75 -1.0274364e-09 -4.7051968000000006e-08 217.62077
-91.5 12.75 4.6010491e-09 -1.6095779e-07 203.96938
-90.9 12.75 -1.6137083000000003e-09 -2.7012622e-07 206.03352
-90.3 12.75 -1.1109215000000001e-08 -2.6122797000000006e-07 205.83881
-89.7 12.75 -1.6387765000000002e-08 -2.7315724999999997e-07 206.42498
-89.1 12.75 -2.1631163000000003e-08 -2.8592904e-07 204.40566
-88.5 12.75 -1.3478703e-08 -3.1839183000000005e-07 202.92143
-87.9 12.75 -8.0422969e-09 -2.5406249e-07 200.98018000000002
-87.3 12.75 1.7757089e-08 -2.8269588e-07 199.31027
-86.7 12.75 1.4009043e-08 -1.7645287e-07 197.46197999999998
-86.1 12.75 2.7010995e-10 -5.8923837e-08 219.4419
-73.5 12.75 -1.9618728e-11 -1.7260608000000002e-08 140.8557
-72.9 12.75 5.9709772e-11 -3.1162126000000005e-08 139.81684
-72.3 12.75 8.148872000000001e-10 -2.2709207e-08 142.06669
-71.7 12.75 3.1744944e-09 -2.2361304000000002e-08 139.59187
-71.1 12.75 2.8070230000000002e-09 -1.916087e-08 141.96096
-70.5 12.75 4.4596409e-09 -1.7215017e-08 136.86106
-69.9 12.75 9.116261800000001e-09 -1.9210505000000003e-08 139.18697
-69.3 12.75 1.2161739000000001e-08 -2.1403003e-08 150.014
-68.7 12.75 1.2892313000000001e-08 -2.0420066e-08 156.06803
-68.1 12.75 1.4804217000000001e-08 -1.8212634e-08 158.89952
-67.5 12.75 2.2312343e-08 -1.3877862000000001e-08 163.33987000000002
-66.9 12.75 8.928764400000001e-09 -6.4980509e-09 140.68225999999999
-66.3 12.75 6.0727305e-09 -7.698664400000001e-10 161.35863999999998
-61.5 12.75 -4.2972924e-09 -3.0351100000000004e-08 252.85751
-60.9 12.75 -1.1637949e-09 -1.8759243000000004e-08 243.47569
-60.3 12.75 1.4770847000000001e-08 -3.2094725e-08 129.66541999999998
-59.7 12.75 6.1156656e-08 -6.6558255e-08 110.1232
-59.1 12.75 1.2287817e-09 -5.1355180000000003e-08 103.84791
-58.5 12.75 2.9569002000000005e-09 -4.6552153e-08 103.9062
-57.9 12.75 2.7300761e-09 -4.7844510000000005e-08 102.30904
-57.3 12.75 2.8424973e-09 -4.3104401000000005e-08 95.52721
-48.9 12.75 7.975342600000001e-10 -2.5069155e-11 126.49794
-48.3 12.75 1.9925093e-09 8.3003674e-11 122.06044
-47.7 12.75 6.849568e-09 -1.0904087000000002e-09 141.73325
-47.1 12.75 2.7989097e-08 -9.7528489e-10 158.06232
-46.5 12.75 4.0330166e-08 -7.7014801e-10 158.95465000000002
-45.9 12.75 6.7447575e-08 -5.0725953e-09 159.06198999999998
-45.3 12.75 1.0140256e-07 -9.1370708e-09 159.71258
-44.7 12.75 1.5261642e-07 -2.4633906e-08 158.35736
-44.1 12.75 4.4999177000000005e-08 -9.631406600000001e-09 155.2156
39.9 13.25 4.092611200000001e-08 -2.8900576000000003e-09 156.84962000000002
40.5 13.25 4.1431427e-08 2.4149001000000005e-09 153.13040999999998
41.1 13.25 3.4963421e-08 4.865821e-09 150.05599999999998
41.7 13.25 2.8722413e-08 6.0693847e-09 141.16337
42.3 13.25 2.7478056e-08 3.9973634e-09 131.1651
42.9 13.25 2.6124899e-08 2.5109523000000002e-09 129.97899
43.5 13.25 2.4311292000000002e-08 2.6291764000000003e-09 134.97998
44.1 13.25 2.366603e-08 2.2331754e-09 146.29714
44.7 13.25 2.6214902e-08 -4.1753875e-12 157.91188
48.9 13.25 5.3902028000000004e-08 -2.4137421e-08 263.23264
49.5 13.25 2.3448566e-07 -4.3600529000000006e-08 95.23564
50.1 13.25 3.0765410000000003e-07 -1.8298825999999998e-08 103.70587
50.7 13.25 3.1411674e-07 -1.8090544000000003e-08 103.49481
51.3 13.25 2.1308796000000002e-07 -5.6831289000000004e-08 269.9042
51.9 13.25 2.4890865000000004e-08 -8.602112200000001e-09 259.86304
-92.7 13.25 -4.5882043000000003e-10 -7.558246e-08 215.33209
-92.1 13.25 4.1758479e-11 -2.0126624000000002e-07 206.86801
-91.5 13.25 -3.0311452000000004e-09 -2.1700543e-07 205.83366
-90.9 13.25 -5.164713000000001e-09 -2.1501818000000002e-07 206.61977000000002
-90.3 13.25 -9.105840900000001e-09 -2.3068150000000001e-07 205.93518
-89.7 13.25 -1.5675849e-08 -2.3472392e-07 205.27863000000002
-89.1 13.25 -1.2596107e-08 -2.3609762000000003e-07 204.48559
-88.5 13.25 -9.4114301e-09 -2.1163052e-07 204.1952
-87.9 13.25 8.133111100000001e-09 -2.3196597000000002e-07 202.13916999999998
-87.3 13.25 7.352884300000001e-10 -9.1354171e-08 211.50121000000001
-72.9 13.25 1.1868028e-10 -1.2005518e-08 143.69277
-72.3 13.25 1.8858066000000003e-09 -2.208795e-08 152.69647
-71.7 13.25 2.0615169e-09 -2.7876809000000004e-08 139.74155
-71.1 13.25 2.8002937000000004e-09 -1.9395913000000002e-08 144.69168
-70.5 13.25 4.9556902e-09 -1.8879482e-08 143.88761
-69.9 13.25 8.645317700000001e-09 -2.0354658000000003e-08 145.69842
-69.3 13.25 1.0507191e-08 -2.0073905e-08 153.82321000000002
-68.7 13.25 1.5852662e-08 -2.1395738000000004e-08 165.52913999999998
-68.1 13.25 7.410300900000001e-09 -1.6918699e-08 155.86579
-67.5 13.25 5.6300371e-09 -1.964123e-09 157.99048
-61.5 13.25 8.7502886e-09 -2.7785383e-08 250.15652
-60.9 13.25 9.8675502e-09 -3.1925876e-08 240.76306
-60.3 13.25 4.722648200000001e-09 -2.0515616000000003e-08 203.54281
-59.7 13.25 4.3119936000000004e-09 -5.3550242e-08 193.8063
-59.1 13.25 8.802643700000002e-09 -9.2251564e-08 259.21441
-58.5 13.25 5.3761706e-10 -6.111261300000001e-08 93.84677
-57.9 13.25 5.7548899000000006e-09 -4.9616764000000004e-08 96.42394
-57.3 13.25 3.6192485000000002e-09 -4.3570091e-08 91.01945
-50.1 13.25 2.6130212000000005e-10 -7.6026066e-12 120.22637
-49.5 13.25 8.928805100000001e-10 4.5102854e-11 106.6563
-48.9 13.25 1.8653573000000002e-09 3.0567692000000006e-10 132.39251000000002
-48.3 13.25 3.8433927e-09 7.643516e-10 150.38566
-47.7 13.25 1.3381319e-08 1.7736718e-09 159.59507000000002
-47.1 13.25 3.2113503e-08 2.8664301000000004e-09 164.06511999999998
-46.5 13.25 5.4209697e-08 4.7657559e-09 165.87270999999998
-45.9 13.25 8.077125300000001e-08 4.3275719e-09 166.23559
-45.3 13.25 1.0115887e-07 9.8106467e-10 165.72835
-44.7 13.25 1.0485178000000001e-07 5.1220145e-09 172.5211
39.9 13.75 4.5706541e-08 -5.9559321e-09 155.81682999999998
40.5 13.75 4.2073601e-08 2.8525501e-10 153.72276
41.1 13.75 3.5171282e-08 3.5439229000000004e-09 150.18311
41.7 13.75 2.9527799000000004e-08 4.7059151e-09 141.64221
42.3 13.75 2.7107941e-08 2.4647336000000003e-09 136.4812
42.9 13.75 2.3797033000000002e-08 8.711115900000001e-10 137.62464
43.5 13.75 2.0399526000000002e-08 8.3594205e-10 142.6203
44.1 13.75 1.8451604e-08 8.4627053e-10 149.04897
44.7 13.75 1.7750035e-08 -5.3895421e-10 158.10747
51.3 13.75 9.2090369e-08 -3.7722915e-08 262.00305000000003
51.9 13.75 1.4592857e-07 -1.0586711e-07 255.49046
-93.9 13.75 -5.590549700000001e-10 -7.0636651e-08 217.67950000000002
-93.3 13.75 1.0557534000000001e-08 -1.8725970000000002e-07 202.79617000000002
-92.7 13.75 1.0759623e-08 -2.7293430000000003e-07 205.39452
-92.1 13.75 5.1728081e-09 -2.2365934e-07 205.90912
-91.5 13.75 6.7717203e-09 -2.2180951e-07 205.73351
-90.9 13.75 3.6585084000000003e-09 -2.2172536000000002e-07 205.2122
-90.3 13.75 -1.9744968000000004e-09 -2.1341525e-07 205.12664
-89.7 13.75 -4.3592119e-09 -1.9556087000000002e-07 204.89262
-89.1 13.75 -3.1663772e-09 -1.6879503e-07 205.96947
-88.5 13.75 1.9958871e-09 -1.3283399e-07 208.7287
-87.9 13.75 8.257075000000001e-09 -8.3662161e-08 232.31601
-71.7 13.75 2.0196342000000003e-10 -1.0172819000000001e-08 143.83539
-71.1 13.75 2.0970647e-09 -1.6481936999999998e-08 155.95134000000002
-70.5 13.75 3.3019228e-09 -1.76302e-08 154.40901
-69.9 13.75 4.3773555e-09 -1.7630334000000004e-08 154.83688999999998
-69.3 13.75 4.1259496000000005e-09 -1.6071257e-08 157.26551999999998
-68.7 13.75 3.6168659000000005e-09 -3.5153e-09 170.89167
-61.5 13.75 5.668447600000001e-09 -5.8546888e-09 265.44424000000004
-60.9 13.75 2.9931009000000005e-08 -5.725496e-08 255.38213
-60.3 13.75 5.605019000000001e-09 -4.4153126000000005e-08 249.36964
-59.7 13.75 5.7272113e-09 -5.017605e-08 222.76885
-59.1 13.75 1.0810352e-08 -6.0601826e-08 233.27542
-58.5 13.75 1.2941505e-09 -5.8818751e-08 255.26848
-57.9 13.75 5.3629761000000004e-09 -6.259008400000001e-08 262.16394
-57.3 13.75 2.3794393e-09 -2.1518685e-08 243.48493
-50.1 13.75 3.6615236000000004e-10 -1.6991077e-10 124.21426
-49.5 13.75 8.471117800000001e-10 1.5437481e-10 100.10775
-48.9 13.75 1.4308083e-09 8.393567600000001e-10 137.01662
-48.3 13.75 5.022995400000001e-09 1.2796234e-09 164.75297
-47.7 13.75 1.5982012e-08 2.1975312e-09 167.66423
-47.1 13.75 3.8478781e-08 4.3509937e-09 169.60894000000002
-46.5 13.75 6.6602114e-08 6.923897600000001e-09 171.09779
-45.9 13.75 8.9098251e-08 5.6128154e-09 170.72745
-45.3 13.75 9.107016100000001e-08 3.0599724e-09 170.87695
-44.7 13.75 7.073491900000001e-08 1.2626088e-09 176.85224
39.9 14.25 4.863096000000001e-08 -8.5050677e-09 155.97141
40.5 14.25 4.3343025e-08 -2.701682e-09 153.95997
41.1 14.25 3.7283511e-08 3.0616473000000006e-11 150.50405
41.7 14.25 3.3692352e-08 1.5426395e-09 143.59715
42.3 14.25 2.8145222000000003e-08 9.8073836e-10 139.49152
42.9 14.25 2.2790827000000003e-08 7.773717e-11 140.1254
43.5 14.25 1.8136322e-08 9.947964300000001e-11 141.77989
44.1 14.25 1.5073787e-08 5.9900146e-10 143.60491
44.7 14.25 1.0606954e-08 -1.0111441000000001e-10 153.78855
51.9 14.25 1.4498187e-07 -9.9188155e-08 255.15034
52.5 14.25 1.8088245e-07 -1.4699564000000001e-08 96.69606
53.1 14.25 1.5090565000000002e-07 -9.629134100000001e-09 100.85133
53.7 14.25 1.2676062e-07 -1.3337315000000002e-08 96.70922
54.3 14.25 3.8241190000000006e-08 -1.1167102000000001e-08 264.01188
-94.5 14.25 1.7670205e-10 -1.156994e-07 218.55206
-93.9 14.25 4.5613064e-09 -2.4707327e-07 209.22253999999998
-93.3 14.25 8.873336500000001e-09 -2.2738585e-07 206.84139
-92.7 14.25 1.4847343e-08 -2.2074050000000002e-07 206.38286
-92.1 14.25 1.9341292e-08 -2.3127772e-07 205.11051
-91.5 14.25 2.0733486e-08 -2.3211964e-07 205.12700999999998
-90.9 14.25 1.935993e-08 -2.2008506e-07 205.10992
-90.3 14.25 1.5248072000000002e-08 -1.9627943e-07 204.93423
-89.7 14.25 1.1332698000000001e-08 -1.6333232000000002e-07 205.56435
-89.1 14.25 1.015053e-08 -1.2432575000000002e-07 208.33974999999998
-88.5 14.25 7.1709027000000006e-09 -8.068224600000001e-08 217.05644999999998
-87.9 14.25 6.827286700000001e-09 -5.5603558000000004e-08 238.19095
-60.9 14.25 1.2190324000000001e-08 -6.869658200000002e-08 248.42615
-60.3 14.25 1.1430205000000001e-08 -5.4843365000000004e-08 260.2874
-59.7 14.25 -8.0808344e-10 -4.3138427000000006e-08 253.81717
-59.1 14.25 2.3976562e-09 -4.2442972e-08 248.22538
-58.5 14.25 3.7814467e-09 -4.3007149e-08 256.6825
-57.9 14.25 2.3271884e-09 -5.4276054000000006e-08 93.86232
-51.3 14.25 8.305547500000001e-11 -2.9597452000000004e-10 244.60664
-50.7 14.25 8.489769700000001e-10 -3.2641438000000003e-10 246.05925
-50.1 14.25 1.0863493e-09 -4.2488805000000007e-10 262.13734999999997
-49.5 14.25 1.0518452000000002e-09 3.8959382000000006e-11 258.09044
-48.9 14.25 1.3377913e-09 1.1484338000000001e-09 216.48238
-48.3 14.25 5.3241145e-09 1.3238143000000001e-09 173.1378
-47.7 14.25 1.7449724000000002e-08 1.4927832e-09 172.01998
-47.1 14.25 4.5044216e-08 2.7591060000000004e-09 172.3442
-46.5 14.25 8.1620582e-08 4.6142861e-09 172.89159999999998
-45.9 14.25 1.0015713e-07 3.6776386e-10 171.69571000000002
-45.3 14.25 7.764385500000001e-08 -3.6302987e-09 170.41177
-44.7 14.25 4.7506354e-08 -9.557100300000001e-10 176.40567
39.9 14.75 5.3060842000000004e-08 -1.0788297e-08 156.3228
40.5 14.75 5.0303495e-08 -1.0095377e-08 152.45348
41.1 14.75 4.1092880000000004e-08 -4.189307300000001e-09 149.91129
41.7 14.75 3.5649385000000004e-08 -8.255911000000001e-10 144.01863
42.3 14.75 2.7845553e-08 2.1924121e-09 140.28406
42.9 14.75 2.1573276000000003e-08 -1.6921483e-09 140.46972
43.5 14.75 1.5159286000000002e-08 -1.0104675000000002e-09 138.8185
44.1 14.75 1.0131202000000001e-08 -2.7774307e-10 137.91279
44.7 14.75 4.289281100000001e-09 -4.0094593e-12 145.96217000000001
51.9 14.75 2.7008022000000003e-08 -6.5973505e-09 261.95455000000004
52.5 14.75 1.3792028e-07 -2.3702303000000003e-08 92.47491
53.1 14.75 1.8436828e-07 -6.7526176e-09 101.19598
53.7 14.75 2.08856e-07 -9.828547500000001e-09 98.54141
54.3 14.75 2.4708699e-07 -5.6167380000000005e-08 268.00011
54.9 14.75 1.9149010000000002e-07 -8.0781394e-09 99.46492
-94.5 14.75 7.6539595e-09 -3.071628e-07 211.8914
-93.9 14.75 1.0092092e-08 -2.4579125e-07 210.28789
-93.3 14.75 1.8789209e-08 -2.6520920000000004e-07 206.58021
-92.7 14.75 2.2819228e-08 -2.5873282e-07 205.06148000000002
-92.1 14.75 2.8517477e-08 -2.5533047e-07 205.19065
-91.5 14.75 3.4143467000000003e-08 -2.3936347000000003e-07 205.39541
-90.9 14.75 3.8937186e-08 -2.193577e-07 205.92773
-90.3 14.75 3.6668548000000004e-08 -1.8664399e-07 206.04316
-89.7 14.75 3.4652169e-08 -1.4280882e-07 207.22459
-89.1 14.75 3.0381029000000005e-08 -1.0318653000000001e-07 209.61962
-88.5 14.75 1.8854227000000004e-08 -6.0659044e-08 215.86
-87.9 14.75 8.331814700000002e-09 -3.5884579e-08 235.15289
-60.9 14.75 1.4412637000000002e-08 -6.8874914e-08 250.73234
-60.3 14.75 1.7934994e-08 -6.1765584e-08 258.48729000000003
-59.7 14.75 1.2577697000000001e-08 -4.9419649000000006e-08 259.92751999999996
-59.1 14.75 9.1159069e-09 -4.1218925e-08 260.78922
-58.5 14.75 8.8104477e-09 -3.7725424e-08 267.29011
-57.9 14.75 2.4872468e-09 -3.6284278000000005e-08 96.58865
-53.1 14.75 2.0600493000000002e-11 -8.0217794e-10 223.68721
-52.5 14.75 4.5387193e-10 -1.0091172e-09 218.721
-51.9 14.75 8.040950500000001e-10 -1.0467903000000002e-09 227.60391
-51.3 14.75 9.5904915e-10 -1.3642177e-09 243.70101
-50.7 14.75 1.0350466e-09 -8.1963124e-10 244.51709
-50.1 14.75 1.2624605000000002e-09 -5.2625654e-10 247.80433
-49.5 14.75 1.3611971000000001e-09 -9.3083644e-11 247.81264
-48.9 14.75 1.7303292e-09 8.220649500000001e-10 228.36759
-48.3 14.75 5.4366480000000004e-09 1.3199704000000003e-09 179.89836
-47.7 14.75 1.8236259000000002e-08 6.3184946e-10 175.36444
-47.1 14.75 5.293683800000001e-08 -1.0943502e-10 173.78318000000002
-46.5 14.75 1.0619884000000001e-07 -2.49575e-10 173.01424
-45.9 14.75 1.1309104000000002e-07 -1.0127803000000001e-08 170.63807
-45.3 14.75 5.7152151000000006e-08 -9.538182300000001e-09 166.8125
-44.7 14.75 2.4328928000000003e-08 -1.5446461e-09 171.64287000000002
39.3 15.25 1.3641935000000001e-08 -3.6102782000000003e-09 163.36178
39.9 15.25 5.7836059000000005e-08 -1.9914305e-08 152.69467
40.5 15.25 5.1296251e-08 -1.0446262000000002e-08 150.4228
41.1 15.25 4.3882835e-08 -4.879094e-09 148.3199
41.7 15.25 5.8914179e-08 -1.4044638000000001e-08 145.95598999999999
42.3 15.25 2.7956494e-08 -7.693268500000001e-09 134.54308
42.9 15.25 1.4443212000000002e-08 -3.4097004000000005e-09 131.93533
43.5 15.25 6.6272565e-09 -1.3325605000000002e-09 129.5236
44.1 15.25 2.9023708e-09 -3.4545670000000005e-10 128.4042
44.7 15.25 5.0823571e-10 -8.254379900000001e-11 134.5596
54.3 15.25 5.2617538000000007e-08 -1.2583006e-08 260.72674
54.9 15.25 1.5785052e-07 -8.738370400000001e-09 96.55318
-94.5 15.25 9.9284493e-09 -2.6885683000000003e-07 212.44485
-93.9 15.25 1.6859569000000002e-08 -2.9204345000000003e-07 208.25583
-93.3 15.25 1.8397177e-08 -2.6890089000000003e-07 206.41208
-92.7 15.25 2.5177814000000002e-08 -2.6104621e-07 205.25892
-92.1 15.25 3.2472631e-08 -2.4628395000000004e-07 205.37492
-91.5 15.25 4.032248e-08 -2.1760309000000003e-07 206.91995
-90.9 15.25 4.600167e-08 -2.0864414e-07 207.01134000000002
-90.3 15.25 4.9096626000000006e-08 -1.7292579000000003e-07 208.15115
-89.7 15.25 6.1320125e-08 -1.4697385000000001e-07 208.88933
-89.1 15.25 6.5732068e-08 -1.0490498e-07 208.87068
-88.5 15.25 5.0293153e-08 -6.6500467e-08 207.73474
-87.9 15.25 2.8065195e-08 -2.9923223000000004e-08 211.49505
-87.3 15.25 1.1701406e-08 -1.5228035e-09 237.06555
-61.5 15.25 3.3368532000000003e-09 -2.1377548000000003e-08 241.74166
-60.9 15.25 1.8260947000000003e-08 -7.7432545e-08 246.32147
-60.3 15.25 2.3032498e-08 -6.225333e-08 252.32319
-59.7 15.25 1.7272756000000004e-08 -5.1258992e-08 256.67939
-59.1 15.25 1.2363517e-08 -3.9608005e-08 260.40216
-58.5 15.25 8.1720777e-09 -3.0527180000000004e-08 269.09748
-57.9 15.25 2.0448646e-09 -2.5284050000000003e-08 104.41559
-57.3 15.25 -8.146959700000001e-10 -7.4007108e-09 136.57028
-56.7 15.25 -1.024516e-09 -5.1100372e-09 172.39123999999998
-56.1 15.25 -3.118121e-10 -4.738856300000001e-09 184.55243000000002
-55.5 15.25 -5.075953200000001e-11 -4.1324741e-09 189.48203
-54.9 15.25 1.2326201e-10 -3.3910265000000006e-09 194.71046
-54.3 15.25 3.0379206e-10 -2.7710747e-09 200.99443
-53.7 15.25 5.0303363e-10 -2.4426493e-09 209.94125
-53.1 15.25 4.8239104e-10 -2.5917063e-09 228.58188
-52.5 15.25 7.2128523e-10 -1.6338958e-09 227.96019
-51.9 15.25 9.777387e-10 -1.5319640000000002e-09 230.94733
-51.3 15.25 1.1364932e-09 -1.2911392000000001e-09 236.08521
-50.7 15.25 1.2254012e-09 -9.7840142e-10 239.75271
-50.1 15.25 1.3424433000000002e-09 -6.5473702e-10 242.88661
-49.5 15.25 1.5673383000000002e-09 -3.1675157e-10 243.63381
-48.9 15.25 2.0870375000000003e-09 4.4940752e-10 232.37731
-48.3 15.25 5.3291636e-09 1.2856024e-09 190.27848
-47.7 15.25 1.9478386e-08 3.3717264000000006e-10 179.43697
-47.1 15.25 6.120784100000001e-08 -3.0058888000000003e-09 176.97892000000002
-46.5 15.25 1.4986871e-07 -5.0020134e-09 173.77288
-45.9 15.25 1.2107501e-07 -2.3177087e-08 168.92244
-45.3 15.25 2.1374195000000003e-08 -1.2007177000000001e-08 151.99895
-44.7 15.25 6.2122360000000004e-09 -1.1019676000000001e-09 155.26972
39.3 15.75 1.4462513e-08 -9.849504000000001e-10 206.98623
39.9 15.75 4.3008309e-08 -2.8715239e-10 162.7184
40.5 15.75 6.2382548e-08 -6.4690461000000005e-09 153.14049
41.1 15.75 4.5059944e-08 4.5307984000000004e-09 152.39193
41.7 15.75 4.0483479e-08 1.418937e-09 155.12962
-94.5 15.75 1.4244531e-08 -3.0435663e-07 205.26677
-93.9 15.75 1.1768069000000002e-08 -2.4442627e-07 207.89953
-93.3 15.75 1.3120688e-08 -2.196006e-07 207.59825999999998
-92.7 15.75 1.4994153e-08 -2.0270343e-07 207.07009
-92.1 15.75 1.4702879e-08 -1.9090535e-07 207.34708999999998
-91.5 15.75 3.1397349e-08 -2.2405260000000003e-07 208.71832
-90.9 15.75 3.9436376000000004e-08 -1.7696131e-07 208.00805
-90.3 15.75 4.2366023e-08 -1.3893256e-07 209.98053
-89.7 15.75 5.3107129000000005e-08 -1.2285646e-07 211.96434
-89.1 15.75 7.882675200000001e-08 -1.2579456000000001e-07 211.72677
-88.5 15.75 1.2849199e-07 -1.1977717e-07 205.75342
-87.9 15.75 9.5512413e-08 -6.9332781e-08 205.36785
-87.3 15.75 6.2335117e-08 -3.845089e-08 202.52097
-86.7 15.75 1.6681708000000003e-08 -3.7765549e-09 215.61522
-61.5 15.75 5.694124000000001e-09 -5.393822000000001e-08 260.25585
-60.9 15.75 7.6500053e-09 -5.9667097e-08 245.66812
-60.3 15.75 1.4807795000000002e-08 -6.3840462e-08 249.36816
-59.7 15.75 1.3278682e-08 -4.9631509e-08 251.78172
-59.1 15.75 9.0018794e-09 -3.6016468000000007e-08 254.41434
-58.5 15.75 2.5062884e-09 -2.3434895000000004e-08 259.93726000000004
-57.9 15.75 -3.1358935e-09 -1.3084770000000002e-08 253.3512
-57.3 15.75 -3.0718702000000005e-09 -8.5349709e-09 239.59874
-56.7 15.75 -2.3395220000000004e-09 -4.9713791e-09 214.08737000000002
-56.1 15.75 -9.297925700000001e-10 -4.437006700000001e-09 201.55594000000002
-55.5 15.75 -1.854225e-10 -3.8788679000000004e-09 200.88133
-54.9 15.75 2.1703653e-10 -3.3911222e-09 203.99504000000002
-54.3 15.75 4.8974688e-10 -3.0036463000000005e-09 208.82109
-53.7 15.75 6.5779382e-10 -2.7173281000000004e-09 214.79645
-53.1 15.75 7.683587600000001e-10 -2.3528782e-09 221.88542
-52.5 15.75 8.493693100000001e-10 -1.9892825000000004e-09 226.55353
-51.9 15.75 9.9661973e-10 -1.6285846e-09 229.46502
-51.3 15.75 1.0955041e-09 -1.3591749e-09 232.79848
-50.7 15.75 1.2288245e-09 -1.0579582000000002e-09 236.60723
-50.1 15.75 1.4019883000000001e-09 -8.091474800000001e-10 240.47613
-49.5 15.75 1.7263610000000001e-09 -6.4701877e-10 242.78076
-48.9 15.75 2.4659393e-09 -8.0317625e-11 235.5308
-48.3 15.75 5.2499999e-09 9.2674191e-10 204.92958
-47.7 15.75 2.0697415e-08 3.7444405e-10 185.73987
-47.1 15.75 6.3494515e-08 -2.9197120000000003e-09 182.79647
-46.5 15.75 2.4329508e-07 -2.2944291e-08 174.72948
-45.9 15.75 4.6182747999999996e-08 -1.1290449000000001e-08 161.85853
39.9 16.25 6.2257532e-08 -1.025712e-08 158.63684
40.5 16.25 6.7136585e-08 -3.8374995e-09 149.20167
41.1 16.25 6.512148600000001e-08 -2.672738e-10 148.05118
41.7 16.25 2.4869906000000003e-08 3.085467e-10 142.03016
-94.5 16.25 9.7359777e-09 -2.0934729e-07 202.21786
-93.9 16.25 7.7406917e-09 -1.8275217000000003e-07 205.18653
-93.3 16.25 6.91123e-09 -1.4882501e-07 207.05956
-92.7 16.25 5.7883631e-09 -1.1656691e-07 208.1576
-92.1 16.25 4.7531808e-10 -9.212023800000001e-08 209.18721
-91.5 16.25 -2.1676733000000005e-09 -5.1324768000000003e-08 222.75448
-88.5 16.25 2.7701051e-08 -5.016249000000001e-09 213.92833000000002
-87.9 16.25 7.737255300000001e-08 -6.4570438e-08 208.83267
-87.3 16.25 1.3810406e-07 -8.6681331e-08 202.70823000000001
-86.7 16.25 1.0660532000000002e-07 -6.773801e-08 203.05199
-86.1 16.25 4.134461600000001e-08 -3.2132821e-08 208.70738
-85.5 16.25 1.1757612e-08 -2.4576175e-09 217.62812
-62.1 16.25 1.1856104000000001e-09 -2.3488965e-08 237.5719
-61.5 16.25 -3.1900969000000002e-09 -6.7214545e-08 246.99703
-60.9 16.25 6.7469832e-09 -6.715522300000001e-08 247.33294
-60.3 16.25 4.9693118e-09 -6.107394900000001e-08 245.75425
-59.7 16.25 6.3146956e-09 -4.7659833e-08 246.52051
-59.1 16.25 3.8255297000000004e-09 -3.2462058e-08 247.09874
-58.5 16.25 2.5394791000000003e-10 -1.9766817000000002e-08 244.77696
-57.9 16.25 -1.3279906e-09 -1.2691583e-08 232.41131
-57.3 16.25 -4.1377044000000006e-10 -9.0697961e-09 222.56095
-56.7 16.25 -3.1267769000000005e-10 -6.449024100000001e-09 215.63292
-56.1 16.25 -1.4346519e-10 -4.7336703e-09 209.53556
-55.5 16.25 1.1625475000000001e-10 -3.878074400000001e-09 206.71922
-54.9 16.25 3.7414167e-10 -3.3873698000000004e-09 206.99351000000001
-54.3 16.25 5.4913918e-10 -3.0226964000000004e-09 209.54858000000002
-53.7 16.25 6.7176426e-10 -2.7036692e-09 213.45803
-53.1 16.25 7.5436522e-10 -2.3896128e-09 218.14457
-52.5 16.25 8.551390800000001e-10 -2.008367e-09 223.06405
-51.9 16.25 9.5661946e-10 -1.6898257000000002e-09 227.19225
-51.3 16.25 1.0821055e-09 -1.4064970000000001e-09 230.85118
-50.7 16.25 1.2218231e-09 -1.1570582000000002e-09 234.88325
-50.1 16.25 1.4028337000000001e-09 -1.0105441e-09 240.65584
-49.5 16.25 1.8126001000000002e-09 -1.1062619e-09 244.94517
-48.9 16.25 2.5969228000000002e-09 -6.749863100000001e-10 238.66881
-48.3 16.25 5.110339400000001e-09 3.6064854000000005e-10 215.24988000000002
-47.7 16.25 1.8055718e-08 4.6530386000000007e-10 197.49031
-47.1 16.25 5.9300304e-08 -3.3155579000000002e-09 188.02169
-46.5 16.25 2.9564056e-07 -3.5384437000000004e-09 183.76130999999998
39.9 16.75 6.7867753e-08 -8.7466159e-09 154.93275
40.5 16.75 1.1914816000000001e-07 -1.8678667e-08 148.15557
41.1 16.75 3.8948563e-08 -5.9545e-10 141.23072
-94.5 16.75 4.6195184e-09 -1.3759576e-07 199.67055
-93.9 16.75 4.5707051e-09 -1.0970077000000001e-07 201.89066
-93.3 16.75 2.3355656e-09 -8.439340900000001e-08 205.09075
-92.7 16.75 3.8952724e-09 -7.8707038e-08 207.90452
-92.1 16.75 4.5663434000000004e-09 -4.5436936000000005e-08 207.64131
-91.5 16.75 -5.6174011e-10 -1.2999305e-08 227.21577
-87.3 16.75 3.965835e-08 -1.2480441000000002e-08 202.60941
-86.7 16.75 1.0628618000000001e-07 -6.2083534e-08 202.30802
-86.1 16.75 1.0075916000000001e-07 -6.8377459e-08 204.66275000000002
-85.5 16.75 8.755687600000001e-08 -6.650496300000001e-08 205.02832999999998
-84.9 16.75 4.3207082000000004e-08 -3.7215225e-08 209.52756
-84.3 16.75 1.3065006000000002e-08 -3.9390329e-09 212.55847
-62.7 16.75 -5.5230802000000004e-11 -1.4660064e-08 231.65546
-62.1 16.75 -3.133297e-10 -5.3300027000000006e-08 245.57303
-61.5 16.75 -3.6303174000000003e-09 -5.7927574000000004e-08 246.53537
-60.9 16.75 1.0027809000000002e-09 -6.7748859e-08 245.30256
-60.3 16.75 1.0996901e-09 -6.027507e-08 243.22904
-59.7 16.75 1.5208441e-09 -4.4869871000000006e-08 241.65866
-59.1 16.75 9.8743427e-10 -2.8162353e-08 239.85375
-58.5 16.75 1.6629661000000003e-10 -1.6610752000000003e-08 234.0165
-57.9 16.75 3.2226497e-10 -1.0877068e-08 222.99778
-57.3 16.75 9.524524e-10 -7.8718292e-09 216.20309
-56.7 16.75 8.426137000000001e-10 -5.7526087e-09 211.70992999999999
-56.1 16.75 6.156318300000001e-10 -4.5191113e-09 208.51554
-55.5 16.75 5.4554923e-10 -3.7986225e-09 206.81338
-54.9 16.75 5.9296679e-10 -3.368171e-09 207.05866
-54.3 16.75 6.6280346e-10 -3.0270798e-09 208.86542
-53.7 16.75 7.2621873e-10 -2.7151131000000003e-09 211.86146
-53.1 16.75 7.9520446e-10 -2.4007201e-09 215.7661
-52.5 16.75 8.8238977e-10 -2.0797141e-09 220.2106
-51.9 16.75 9.7461469e-10 -1.7573183000000002e-09 224.61403
-51.3 16.75 1.0767341e-09 -1.4706832000000001e-09 228.99214
-50.7 16.75 1.1734546e-09 -1.2371274000000003e-09 233.92157
-50.1 16.75 1.2166591000000001e-09 -1.1043892000000001e-09 241.80751
-49.5 16.75 1.7866211000000001e-09 -2.0894306e-09 252.61671
-48.9 16.75 2.5435056000000003e-09 -7.878678600000001e-10 240.0255
-48.3 16.75 4.4685724e-09 -5.091434900000001e-10 229.8779
-47.7 16.75 1.0483783000000002e-08 -1.5022172000000002e-09 222.49567
-47.1 16.75 3.5656495e-08 -4.1605034e-09 215.50061
-46.5 16.75 3.5239784e-07 -3.2163952000000003e-09 187.23678999999998
39.9 17.25 9.7287089e-08 -2.6170436000000002e-09 153.77855
40.5 17.25 9.7433188e-08 3.8738006e-11 151.54453
-94.5 17.25 -8.834272800000001e-10 -8.8285783e-08 200.52103
-93.9 17.25 4.4851539999999996e-09 -8.099689800000001e-08 193.57102
-93.3 17.25 2.7855982000000002e-09 -5.722415500000001e-08 197.90137
-92.7 17.25 -1.0577084000000001e-10 -2.3331524000000004e-08 215.36759999999998
-86.7 17.25 2.26445e-08 -5.0990373e-09 208.52844
-86.1 17.25 6.607888400000001e-08 -4.2101805e-08 203.98209
-85.5 17.25 8.0655103e-08 -5.8699793000000006e-08 205.87152
-84.9 17.25 8.902214800000001e-08 -7.211536900000001e-08 207.52964
-84.3 17.25 9.3182892e-08 -8.0353747e-08 207.4821
-83.7 17.25 5.8583745000000005e-08 -6.468255800000001e-08 211.69621
-83.1 17.25 3.4769697000000006e-08 -3.3697638e-08 211.19726
-82.5 17.25 1.1096297000000001e-08 -4.288698400000001e-09 212.58739
-62.7 17.25 3.1237859000000004e-10 -4.1789911e-08 247.60525
-62.1 17.25 7.6451384e-11 -5.8122173e-08 245.0588
-61.5 17.25 6.777459200000001e-10 -6.6165108e-08 243.75772
-60.9 17.25 9.754974e-10 -6.6977905e-08 242.48705
-60.3 17.25 1.4133046e-09 -6.0108362e-08 240.98897
-59.7 17.25 3.5939764000000005e-10 -3.9869561e-08 237.66464
-59.1 17.25 1.7031045e-09 -2.0786291e-08 232.81774
-58.5 17.25 4.7942439e-10 -1.1137481e-08 223.09455
-57.9 17.25 7.0236015e-10 -7.5476256e-09 213.2638
-57.3 17.25 1.002458e-09 -5.742748500000001e-09 208.68369
-56.7 17.25 9.6259255e-10 -4.5919352e-09 206.69861
-56.1 17.25 8.065182e-10 -3.9216281e-09 205.54278
-55.5 17.25 7.203544400000001e-10 -3.5375159e-09 205.25216
-54.9 17.25 7.139441e-10 -3.2499786e-09 206.00796
-54.3 17.25 7.394276400000001e-10 -2.9787400000000004e-09 207.77807
-53.7 17.25 7.7693397e-10 -2.6973007e-09 210.33192
-53.1 17.25 8.2791644e-10 -2.3968907e-09 213.67883
-52.5 17.25 8.9359558e-10 -2.0820601e-09 217.58686
-51.9 17.25 9.6125846e-10 -1.7550689e-09 221.78635
-51.3 17.25 1.0185456e-09 -1.4532763e-09 226.42046
-50.7 17.25 9.840032500000001e-10 -1.1867516000000002e-09 232.3338
-50.1 17.25 9.298848800000001e-10 -9.8581239e-10 239.89287
-49.5 17.25 2.2196436e-10 -1.3178042000000002e-09 260.12329
-46.5 17.25 3.7771569e-07 -8.1139522e-10 182.65366
39.9 17.75 1.6600847e-07 -1.1298639e-08 147.73896
40.5 17.75 5.2663022e-08 -1.9348474e-09 142.35548
-94.5 17.75 1.1627362e-09 -2.4224871000000002e-08 227.96287
-86.1 17.75 9.1682329e-09 -1.3908441000000002e-09 221.76597
-85.5 17.75 2.8390812000000002e-08 -2.0484203000000002e-08 211.18045
-84.9 17.75 5.5377778000000003e-08 -4.3843771e-08 207.53001
-84.3 17.75 6.5436363e-08 -5.803521700000001e-08 208.85513
-83.7 17.75 7.6981499e-08 -6.6447153e-08 209.25482
-83.1 17.75 8.306345600000001e-08 -7.8270361e-08 209.75272
-82.5 17.75 8.9222985e-08 -7.9713426e-08 208.12394999999998
-81.9 17.75 5.727392e-08 -6.868539400000001e-08 212.80068
-81.3 17.75 3.6883238e-08 -4.579416e-08 214.28815
-80.7 17.75 2.3660497e-08 -3.1884418000000004e-08 215.19191999999998
-80.1 17.75 1.7238782000000003e-08 -2.3447991e-08 216.59822
-79.5 17.75 1.3733606000000001e-08 -1.8490100000000004e-08 217.63287
-78.9 17.75 1.1387862000000001e-08 -1.5532272e-08 218.57315
-78.3 17.75 1.0072111e-08 -1.3422563000000002e-08 219.08596
-77.7 17.75 8.9620205e-09 -1.2706799000000001e-08 218.6483
-77.1 17.75 7.7661375e-09 -1.3094316e-08 215.55662
-76.5 17.75 6.4714383000000004e-09 -1.2634931000000001e-08 213.80689
-75.9 17.75 5.2086916e-09 -1.2983511e-08 212.51099
-75.3 17.75 5.158397800000001e-09 -3.6085221e-09 191.29905
-71.7 17.75 6.068331e-09 -4.0847510000000005e-08 204.33171
-71.1 17.75 2.9620552e-09 -4.2061914e-08 220.67756
-70.5 17.75 1.4764348e-08 -4.1212748e-08 209.21167
-69.9 17.75 1.9284666000000003e-08 -3.9335277e-08 212.6386
-69.3 17.75 1.3644436000000001e-08 -4.880009900000001e-08 209.14371
-68.7 17.75 2.1101402e-08 -3.7991794e-08 214.23426
-68.1 17.75 1.8027703e-08 -2.5274437e-08 210.00218999999998
-67.5 17.75 7.5480503e-09 -1.3191382000000001e-08 198.52392
-66.9 17.75 3.5246e-09 -1.9790803e-09 222.30543
-66.3 17.75 -6.605027200000001e-10 -4.796437100000001e-09 209.69664
-65.7 17.75 9.2393852e-10 -3.7056698e-09 207.97001
-65.1 17.75 1.4812993000000002e-09 -1.7792697000000001e-09 181.85581000000002
-63.3 17.75 1.4260526e-09 -2.759406e-08 233.49202
-62.7 17.75 1.188878e-08 -7.827276800000001e-08 241.13699
-62.1 17.75 6.0050667000000004e-09 -6.7627286e-08 240.67784
-61.5 17.75 3.5841153000000004e-09 -6.712333200000001e-08 240.60479
-60.9 17.75 2.9616085000000004e-09 -6.724558500000001e-08 239.41997
-60.3 17.75 7.1551360000000006e-09 -6.6691946e-08 239.59335
-59.7 17.75 3.7655192e-09 -2.3316396000000002e-08 226.49503
-59.1 17.75 3.4145665e-10 -1.0382891000000001e-08 209.48874
-58.5 17.75 9.481353700000001e-11 -7.3361713e-09 199.1036
-57.9 17.75 1.8713092000000002e-10 -5.8728713e-09 195.54253
-57.3 17.75 3.1014687e-10 -4.7104522e-09 195.8569
-56.7 17.75 3.7485188000000005e-10 -3.846640100000001e-09 197.72066999999998
-56.1 17.75 4.078379e-10 -3.3480841e-09 199.27786
-55.5 17.75 4.3736257000000005e-10 -3.0869017e-09 200.41674999999998
-54.9 17.75 4.6677079e-10 -2.9035091e-09 201.71781
-54.3 17.75 4.9871589e-10 -2.7038098000000003e-09 203.37496
-53.7 17.75 5.276633600000001e-10 -2.4487393e-09 205.49936
-53.1 17.75 5.5772671e-10 -2.1376974999999998e-09 208.12666000000002
-52.5 17.75 5.9541209e-10 -1.7768191e-09 211.57269
-51.9 17.75 6.3995969e-10 -1.4005771e-09 215.9047
-51.3 17.75 6.7304013e-10 -1.0548129e-09 221.15063
-50.7 17.75 6.6137518e-10 -7.5101537e-10 226.86548
-50.1 17.75 4.4620763000000004e-10 -5.195793e-10 231.49808
-49.5 17.75 5.0818239e-11 -3.1691321e-10 236.41972
-46.5 17.75 3.7806765000000005e-07 -8.1511314e-10 182.65849
39.3 18.25 5.7901306e-08 -1.4196763e-09 140.1298
39.9 18.25 1.6290668e-07 -5.070728700000001e-09 145.46013
-94.5 18.25 -2.4805916e-10 -1.0996694000000001e-08 215.20587999999998
-84.9 18.25 5.3451048e-09 -1.6365952e-09 224.49884
-84.3 18.25 1.7919574999999998e-08 -1.4773574e-08 212.9315
-83.7 18.25 3.3395509e-08 -3.3751821e-08 212.35054
-83.1 18.25 5.6921138e-08 -4.9023284e-08 208.46579
-82.5 18.25 6.5488779e-08 -5.9929346e-08 209.14973
-81.9 18.25 7.315840000000001e-08 -6.301300400000001e-08 208.93552
-81.3 18.25 6.9143146e-08 -6.8720313e-08 209.89021
-80.7 18.25 5.7078786e-08 -6.225640000000001e-08 211.12732
-80.1 18.25 4.7389015e-08 -5.4764704000000006e-08 212.53984
-79.5 18.25 3.836366e-08 -4.7647183e-08 213.79455000000002
-78.9 18.25 3.1711484e-08 -4.1342284000000005e-08 214.84121
-78.3 18.25 2.7263179e-08 -3.7799218e-08 215.76782
-77.7 18.25 2.4565607e-08 -3.4016984e-08 215.65974
-77.1 18.25 1.9193477000000002e-08 -2.9550668000000004e-08 214.88907
-76.5 18.25 1.7282997000000002e-08 -2.5450231e-08 213.91883
-75.9 18.25 1.5987468e-08 -1.9817082e-08 210.57051
-75.3 18.25 1.7263206e-08 -1.8403363e-08 206.89779
-74.7 18.25 1.4009854e-08 -2.9648204e-08 215.72476
-74.1 18.25 1.5114656e-08 -3.4781374999999996e-08 216.70812999999998
-73.5 18.25 1.8819037000000003e-08 -4.1994503000000004e-08 217.94738
-72.9 18.25 2.3859042e-08 -5.2429263e-08 219.43079
-72.3 18.25 3.1425937e-08 -7.659196300000001e-08 222.42702
-71.7 18.25 3.8321769000000006e-08 -9.382633500000001e-08 232.95478
-71.1 18.25 4.0757198e-08 -3.7587049000000003e-08 199.7745
-70.5 18.25 1.3711087e-08 -1.4938244e-08 164.43008
-69.9 18.25 1.1115500000000001e-08 -7.6254397e-08 227.22593
-69.3 18.25 1.4961203e-08 -5.6382183000000004e-08 219.8991
-68.7 18.25 4.1329290000000005e-08 -4.1973515000000003e-08 211.80762
-68.1 18.25 4.592473300000001e-08 -3.4088018e-08 205.8789
-67.5 18.25 3.7471015000000007e-08 -1.2679644e-08 200.75733
-66.9 18.25 1.5965755e-08 -1.9913360000000003e-08 218.50306
-66.3 18.25 1.4552371000000001e-08 -1.9702873e-08 214.31414999999998
-65.7 18.25 1.4639989e-08 -2.1483496e-08 218.74478
-65.1 18.25 1.4986829000000002e-08 -2.0901581000000003e-08 213.67529000000002
-64.5 18.25 1.4710095000000001e-08 -2.677282e-08 220.82994
-63.9 18.25 2.0148214e-08 -5.1518724000000004e-08 227.1393
-63.3 18.25 2.095889e-08 -8.464989900000001e-08 235.47757
-62.7 18.25 1.5462861e-08 -7.681964200000001e-08 235.12637
-62.1 18.25 9.5791151e-09 -7.020929700000001e-08 236.16788
-61.5 18.25 6.2468315000000005e-09 -6.8879391e-08 236.57251
-60.9 18.25 6.6006651e-09 -7.408862100000001e-08 238.14849
-60.3 18.25 9.4030335e-10 -2.5236331e-08 231.89944
-46.5 18.25 3.4283895e-07 -1.2191241e-08 189.51734
-45.9 18.25 6.3668243e-08 4.4841088000000005e-10 213.462
39.3 18.75 1.5585463e-07 -6.9702614e-10 144.39981
39.9 18.75 6.3283796e-08 -7.3564543e-10 137.55926
-83.1 18.75 4.9249763e-09 -1.9000827e-09 219.71955
-82.5 18.75 1.9020965e-08 -1.6373871000000003e-08 212.22074
-81.9 18.75 3.5017576e-08 -3.609845e-08 211.96119
-81.3 18.75 6.0546039e-08 -5.2247219000000005e-08 208.35069
-80.7 18.75 6.015648800000001e-08 -5.9990835e-08 210.48602
-80.1 18.75 5.8755751e-08 -6.4591151e-08 211.45659
-79.5 18.75 5.603982200000001e-08 -6.6189192e-08 212.31176
-78.9 18.75 5.2207515e-08 -6.5120809e-08 213.04099
-78.3 18.75 4.760420100000001e-08 -5.7303559e-08 212.93763
-77.7 18.75 4.2493857e-08 -5.6049490000000005e-08 213.14231999999998
-77.1 18.75 3.5972328e-08 -4.4265451e-08 212.48687
-76.5 18.75 3.0579703e-08 -3.7097370000000003e-08 212.46361000000002
-75.9 18.75 2.6539097000000005e-08 -3.3331820000000006e-08 213.15222
-75.3 18.75 2.2446009e-08 -3.6706927000000006e-08 216.03207
-74.7 18.75 2.1502634000000003e-08 -4.4658144e-08 220.32512
-74.1 18.75 2.1057148000000002e-08 -5.3441368e-08 222.38251
-73.5 18.75 2.2001363000000003e-08 -5.8389427e-08 222.98481
-72.9 18.75 2.1152155000000003e-08 -5.601116900000001e-08 222.05293
-72.3 18.75 1.7145795e-08 -4.2703193e-08 219.41943
-71.7 18.75 1.1640186e-08 -1.4384532e-08 199.11275
-71.1 18.75 3.3277425e-08 -3.2164440000000004e-08 202.76511
-70.5 18.75 1.2278877e-08 -5.6353908e-08 217.17895
-69.9 18.75 3.2368804e-08 -1.0155306e-07 234.64843
-69.3 18.75 3.273038e-08 -1.9618552e-08 237.13647
-68.7 18.75 4.1679814e-08 -4.0066765e-08 211.86388
-68.1 18.75 4.4052743000000005e-08 -4.1223078e-08 211.85102
-67.5 18.75 5.998183100000001e-08 -5.167884800000001e-08 210.51942
-66.9 18.75 5.3977064e-08 -7.2008152e-08 214.71429999999998
-66.3 18.75 4.1260954e-08 -5.9216435e-08 216.93227000000002
-65.7 18.75 3.638684e-08 -6.3167166e-08 218.47463
-65.1 18.75 3.3820592e-08 -6.0881592e-08 219.83093
-64.5 18.75 3.4838644000000004e-08 -7.173696900000001e-08 222.45518
-63.9 18.75 2.7237065000000002e-08 -7.801606400000001e-08 226.76101
-63.3 18.75 2.0908719000000002e-08 -6.9430454e-08 228.93411
-62.7 18.75 1.8544484000000003e-08 -7.4765334e-08 231.02457
-62.1 18.75 1.0763285e-08 -7.126094200000001e-08 231.64004
-61.5 18.75 8.923824400000001e-09 -6.8617103e-08 234.65101
-60.9 18.75 9.7839544e-10 -2.6297762000000002e-08 230.54438
-46.5 18.75 2.0266240000000001e-07 -7.7954718e-09 192.78298999999998
-45.9 18.75 1.9602193000000002e-07 -7.982698400000001e-09 193.10297
38.7 19.25 1.3713547e-07 -2.3536118000000004e-10 133.55482
39.3 19.25 1.4042774e-07 -1.2607703000000002e-10 133.44921
-81.3 19.25 6.603354600000001e-09 -1.9476136e-09 217.94125
-80.7 19.25 1.8175034e-08 -1.6969371e-08 211.77776
-80.1 19.25 2.8212212000000003e-08 -3.4223590000000004e-08 213.28928000000002
-79.5 19.25 3.699471e-08 -5.0396234000000005e-08 214.51454999999999
-78.9 19.25 4.5243942e-08 -6.549406500000001e-08 215.13714
-78.3 19.25 5.4843383e-08 -8.0145433e-08 214.80493
-77.7 19.25 7.9575139e-08 -6.5930392e-08 206.84307
-77.1 19.25 5.142876600000001e-08 -4.3988533e-08 208.10797
-76.5 19.25 4.103189e-08 -3.9971606e-08 210.23473
-75.9 19.25 3.2981819e-08 -4.0355495e-08 213.70147
-75.3 19.25 2.7339253000000002e-08 -4.301337e-08 218.21393
-74.7 19.25 2.4859325e-08 -5.4925926e-08 222.7367
-74.1 19.25 2.190243e-08 -5.5937935000000003e-08 223.36149
-73.5 19.25 2.0881609000000002e-08 -4.8066356e-08 221.02158
-72.9 19.25 2.1616226000000002e-08 -3.693042e-08 215.51724000000002
-72.3 19.25 2.5367776e-08 -2.8038020000000002e-08 208.91455000000002
-71.7 19.25 2.8679410000000003e-08 -4.3405585e-08 220.56036
-71.1 19.25 3.0867495000000003e-08 -7.6198691e-08 223.81795
-70.5 19.25 2.5590495000000002e-08 -6.4059201e-08 233.84578
-69.9 19.25 8.890116900000001e-09 -4.3432924000000005e-08 238.59695
-69.3 19.25 2.5911037e-08 -3.8688103e-08 217.71269
-68.7 19.25 3.5386745e-08 -4.6317513e-08 214.60988
-68.1 19.25 3.804786e-08 -4.6047435000000005e-08 213.36343
-67.5 19.25 4.0231141000000007e-08 -5.3196638e-08 212.26479
-66.9 19.25 4.8176691e-08 -5.989705e-08 213.01319999999998
-66.3 19.25 4.4756559000000003e-08 -6.140519200000001e-08 214.49258
-65.7 19.25 3.8833065e-08 -6.615007400000001e-08 216.28910000000002
-65.1 19.25 3.2783986e-08 -6.3075632e-08 218.69297
-64.5 19.25 2.6814743000000003e-08 -6.241048000000001e-08 220.86516
-63.9 19.25 2.2304512e-08 -6.1100607e-08 223.24897
-63.3 19.25 1.7071518e-08 -6.2589675e-08 226.10862
-62.7 19.25 1.7560164000000002e-08 -8.249049599999999e-08 230.27931
-62.1 19.25 1.1341776e-08 -4.6944745e-08 224.1931
-61.5 19.25 3.9770684000000005e-10 -1.8355462e-08 224.35614
-46.5 19.25 6.759290300000001e-08 -1.0238202000000002e-10 213.09962000000002
-45.9 19.25 3.4114644e-07 -1.2266285e-08 189.84892000000002
38.1 19.75 5.6279775e-08 -1.2838975e-09 140.06692
38.7 19.75 1.4525083000000003e-07 -3.1049300000000004e-09 143.6524
-77.7 19.75 3.5555492e-08 -3.5930227000000005e-09 192.33359000000002
-77.1 19.75 4.1395022e-08 -2.5902779e-08 204.45075
-76.5 19.75 3.9765211000000003e-08 -3.335471100000001e-08 208.95911999999998
-75.9 19.75 3.4395971000000006e-08 -4.1352854000000006e-08 214.13171
-75.3 19.75 2.7536262000000003e-08 -4.4830164000000004e-08 219.28946
-74.7 19.75 2.6878098000000002e-08 -5.5331118e-08 222.56471
-74.1 19.75 2.2544485000000002e-08 -4.6675582e-08 221.81825
-73.5 19.75 2.3831222e-08 -3.9576153e-08 219.40343
-72.9 19.75 2.7542208e-08 -3.9298908e-08 218.57697
-72.3 19.75 3.4509933e-08 -4.8717750000000006e-08 221.18942
-71.7 19.75 4.150061500000001e-08 -7.095477300000001e-08 226.15773
-71.1 19.75 2.9925657000000006e-08 -4.7562106e-08 235.13353
-70.5 19.75 2.3900863000000003e-08 -2.0198601000000003e-08 230.36433
-69.9 19.75 6.910198300000001e-09 -3.5614937e-08 224.24812
-69.3 19.75 9.7926579e-09 -4.658437e-08 212.67852
-68.7 19.75 1.3346432000000001e-08 -2.7801480000000003e-08 216.35197
-68.1 19.75 1.5682554e-08 -3.1850503e-08 213.11941000000002
-67.5 19.75 2.0750044e-08 -3.8858824e-08 211.6667
-66.9 19.75 2.7654330000000003e-08 -4.743505100000001e-08 212.95381
-66.3 19.75 3.3370744000000006e-08 -5.4701866000000006e-08 214.05732999999998
-65.7 19.75 3.8098874e-08 -4.9172412000000004e-08 211.69670000000002
-65.1 19.75 2.629372e-08 -4.3002008e-08 214.23829
-64.5 19.75 1.9433079e-08 -4.275936e-08 216.29336
-63.9 19.75 1.2587587e-08 -4.1714809e-08 219.44186
-63.3 19.75 5.564647700000001e-09 -3.951072e-08 224.39596
-62.7 19.75 1.3913127e-09 -3.1560026e-08 233.57354
-45.9 19.75 3.7938999000000003e-07 -8.506784600000001e-10 182.71105
38.1 20.25 1.3906353e-07 -2.5311443e-09 144.13395
38.7 20.25 5.2125040000000005e-08 -9.570346300000001e-10 139.37781
-77.7 20.25 6.9645136e-09 -1.3188132e-09 207.38764
-77.1 20.25 1.6474201e-08 -1.3719492000000002e-08 212.25083
-76.5 20.25 2.3811758000000004e-08 -2.8981834e-08 215.22138999999999
-75.9 20.25 2.8187025e-08 -3.9657738000000006e-08 217.08236
-75.3 20.25 2.5283257e-08 -4.6686257e-08 215.92446
-74.7 20.25 2.4392809e-08 -4.563245e-08 219.54064
-74.1 20.25 2.1508779000000003e-08 -3.6586816e-08 218.97411
-73.5 20.25 1.9910359e-08 -3.4495724000000005e-08 218.61863
-72.9 20.25 1.8793938000000003e-08 -3.3664414e-08 219.32873
-72.3 20.25 1.562328e-08 -3.1464544000000004e-08 219.58621
-71.7 20.25 1.2911841000000002e-08 -2.442183e-08 222.46056
-71.1 20.25 1.1846648e-08 -7.1799262e-09 239.35559
-70.5 20.25 3.3495559e-09 -1.985724e-08 204.20514
-69.9 20.25 1.6402787000000003e-09 -9.654994000000001e-09 225.71885
-65.7 20.25 5.2051982000000004e-09 -2.3370631e-09 203.23147
-65.1 20.25 7.9344984e-09 -1.5782431e-08 209.01661000000001
-64.5 20.25 7.7042805e-09 -2.0294123e-08 209.6918
-63.9 20.25 5.553079300000001e-09 -2.1081392e-08 210.61184
-63.3 20.25 1.5584657e-09 -1.7361758e-08 209.44421
-62.7 20.25 -9.2514183e-12 -7.2979398e-09 219.21821
-45.9 20.25 3.4546745e-07 -1.1117039e-08 189.28689
-45.3 20.25 5.8850818000000004e-08 -2.4435583e-10 211.52555
37.5 20.75 4.6182956e-08 -2.5183829000000002e-09 142.26412
38.1 20.75 1.3432073e-07 -5.4942315000000004e-09 144.23732
-45.9 20.75 2.1157559e-07 -4.4844371e-09 192.20661
-45.3 20.75 1.8770539e-07 -5.2594525000000005e-09 193.44576
