-85.09052600777474 -85.09052600777474 37.6064734037257 11.618639397872125 0.0 0.0 0.0
-86.759227093664 -86.759227093664 0.08088575253776303 0.19952618650879753 0.0 0.0 0.0
-82.55561451789657 -82.55561451789657 54.0358090298935 -1.5638178518539851 0.0 0.0 0.0
-81.92155006231083 -81.92155006231083 4.248070276876171 1.3929490369500703 0.0 0.0 0.0
-77.67016478244659 -77.67016478244659 -120.42367396162676 -28.066452933262056 0.0 0.0 0.0
-72.74994968487644 -72.74994968487644 0.011872924376630263 -0.07180952338372351 0.0 0.0 0.0
-71.39684145440228 -71.39684145440228 1.2458990879723824 -0.5699884537053289 0.0 0.0 0.0
-72.82107350541658 -72.82107350541658 27.478096087150078 9.303655484915282 0.0 0.0 0.0
-66.94969911212415 -66.94969911212415 -0.40111003939284345 -0.08174237152714028 0.0 0.0 0.0
-62.16092637903297 -62.16092637903297 1.8236907042161803 -0.7510083375219757 0.0 0.0 0.0
-59.60781085791053 -59.60781085791053 -1.9298097210868093 2.5351735860292544 0.0 0.0 0.0
-62.85911931879893 -62.85911931879893 -4.483270533861535 -0.6671097107983595 0.0 0.0 0.0
-60.060475177437105 -60.060475177437105 0.815735215783306 0.03956073864401991 0.0 0.0 0.0
-80.3683614827235 -80.3683614827235 -0.7402843344934633 -0.09967333621978529 0.0 0.0 0.0
-78.0150811655141 -78.0150811655141 -3.8790144413900927 26.168442065407724 0.0 0.0 0.0
-77.33989813871635 -77.33989813871635 -0.4218068718428685 -0.07137131083883652 0.0 0.0 0.0
-76.5471829476352 -76.5471829476352 -5.857192273437758 -35.022604201187555 0.0 0.0 0.0
-84.0261680651749 -84.0261680651749 9.723558520759392 -8.70624026472144 0.0 0.0 0.0
-88.33710672941534 -88.33710672941534 20.50043245075306 -6.620550484218172 0.0 0.0 0.0
-83.30358287371013 -83.30358287371013 9.571607309342921 -1.4355249121775895 0.0 0.0 0.0
-91.80953949802841 -91.80953949802841 1.618900565888804 -0.8130966753624133 0.0 0.0 0.0
-89.35831739963656 -89.35831739963656 -23.930807050185788 19.234468322112207 0.0 0.0 0.0
-88.64458334948696 -88.64458334948696 1.3796916135214832 -0.19035349576961555 0.0 0.0 0.0
-69.7467461020565 -69.7467461020565 0.4658741517112235 0.0027995500282560508 0.0 0.0 0.0
-67.21882256716424 -67.21882256716424 -0.5209309615083463 -0.14223406298982377 0.0 0.0 0.0
-64.62710336309205 -64.62710336309205 -0.023606340229217683 0.1511300218830187 0.0 0.0 0.0
-62.1885242687451 -62.1885242687451 -0.08093917030149415 0.10549417937169069 0.0 0.0 0.0
-60.340086990075534 -60.340086990075534 -0.3671325652957735 -6.414574888099514 0.0 0.0 0.0
-69.50891537604045 -69.50891537604045 -0.4591219276532742 0.04233364622653916 0.0 0.0 0.0
