-85.09052600777473 17.227151647225426 20.25 -2627.95 -19832.320000000003 22460.97 -3031.6800000000007 7037.770000000002 31396.070000000003 16 X Y 200808180916A
-86.759227093664 15.691218641096363 14.454545454545455 -83.16 18.49 64.78 13.6 19.319999999999997 26.839999999999996 16 X Y 200808180916A
-82.55561451789657 6.16605363315168 19.122093023255815 -598.1600000000002 304.99 280.73 1778.89 1740.3199999999986 13361.599999999997 16 X Y 200808180916A
-81.92155006231083 12.797393501136108 14.235294117647058 -68.81999999999998 -127.26 196.19999999999996 -13.379999999999997 10.090000000000002 222.06 16 X Y 200808180916A
-77.67016478244659 19.577097310133993 16.77777777777778 -1240.88 -19595.619999999995 20836.58 5109.19 -2816.2499999999995 41872.52999999999 16 X Y 200808180916A
-72.74994968487644 14.716395937843616 19.0 -136.43000000000004 -70.68 207.10999999999999 -225.49000000000004 45.50000000000001 160.27000000000004 16 X Y 200808180916A
-71.39684145440228 19.91186877355176 23.09090909090909 232.76000000000005 -169.66000000000003 -63.0 -584.3499999999999 261.19 181.98000000000002 16 X Y 200808180916A
-72.82107350541658 18.482213329241386 13.0 5743.31 -8374.18 2630.9700000000003 -3189.84 -3544.2599999999998 7005.02 16 X Y 200808180916A
-66.94969911212416 18.23183262090195 15.083333333333334 -453.58000000000004 531.6600000000001 -78.03999999999999 -143.14 -202.65999999999994 435.1700000000002 16 X Y 200808180916A
-67.44969911212416 17.23183262090195 104.5 -45.66 -20.54 66.2 33.31999999999999 37.14 8.62 16 X Y 200808180916D
-62.16092637903298 16.327057534641476 14.555555555555555 -454.44 656.2600000000002 -201.90999999999997 -94.22 -7.790000000000002 -192.67 16 X Y 200808180916A
-62.66092637903298 15.327057534641476 141.84615384615384 -5013.0199999999995 10029.66 -5016.630000000001 -3604.35 14138.579999999996 4440.900000000001 16 X Y 200808180916D
-59.607810857910515 14.652518442915289 20.0625 -408.8200000000001 -914.6400000000002 1323.5600000000002 154.84000000000003 37.03 259.44 16 X Y 200808180916A
-60.107810857910515 13.652518442915289 50.285714285714285 59.2 -15.33 -43.86 -12.68 30.28 27.789999999999996 16 X Y 200808180916D
-62.85911931879894 10.523324857999352 19.09090909090909 -568.0400000000002 660.71 -92.77000000000002 -61.660000000000025 1289.9399999999998 -2967.84 16 X Y 200808180916A
-63.35911931879894 9.523324857999352 95.14814814814815 6715.85 -5617.100000000001 -1096.53 6718.83 -1451.5400000000004 -4616.36 16 X Y 200808180916D
-60.0604751774371 10.802684775900197 21.789473684210527 -889.6499999999999 1015.7300000000002 -126.99 -154.1100000000001 788.3200000000002 80.44999999999999 16 X Y 200808180916A
-60.5604751774371 9.802684775900197 58.92857142857143 -1025.97 909.51 116.48000000000003 -187.73000000000005 -333.4 650.37 16 X Y 200808180916D
-80.3683614827235 7.406381450333737 15.066666666666666 -25.489999999999995 -22.44 47.83 20.32 -48.000000000000014 153.40999999999997 16 X Y 200808180916A
-78.01508116551409 6.3099947775539365 18.122448979591837 3339.3900000000003 2632.5800000000004 -5970.980000000004 2797.67 -4060.47 -8884.76 16 X Y 200808180916A
-77.33989813871635 8.641078294609777 34.4 221.45 -290.42 69.07000000000002 -226.58 322.28 187.91000000000003 16 X Y 200808180916A
-76.5471829476352 7.290522976989094 21.217391304347824 2556.8200000000006 -1855.2800000000009 -700.5199999999999 1085.05 3188.9000000000005 -5832.36 16 X Y 200808180916A
-84.02616806517491 8.858824465953603 22.289017341040463 39488.08 -29412.409999999967 -10083.530000000002 46898.270000000004 -18450.570000000007 20477.25 16 X Y 200808180916A
-84.52616806517491 7.858824465953603 63.5 -9.98 3.2099999999999995 6.7700000000000005 11.809999999999999 -0.39999999999999986 7.81 16 X Y 200808180916D
-88.33710672941535 11.095631889667644 15.773333333333333 14835.12 -10965.229999999996 -3971.0600000000027 35994.27 -22133.280000000002 3301.9399999999982 16 X Y 200808180916A
-83.30358287371013 10.030047742119372 20.423076923076923 25568.279999999988 -21348.83 -4119.53 -4581.64 16906.640000000003 13080.500000000002 16 X Y 200808180916A
-83.80358287371013 9.030047742119372 85.14285714285714 221.04000000000002 311.07 -533.02 587.6000000000003 291.69 -89.15000000000002 16 X Y 200808180916D
-91.80953949802839 12.906861060724344 15.3 61.91000000000009 -122.43000000000005 61.420000000000016 587.7199999999999 -277.32000000000005 -56.24000000000004 16 X Y 200808180916A
-92.30953949802839 11.906861060724344 82.5 -3.7999999999999994 -1.8199999999999996 5.63 4.339999999999999 -3.0599999999999996 4.28 16 X Y 200808180916D
-89.35831739963655 13.181528333815479 29.892473118279568 -15472.679999999993 6706.090000000003 8665.839999999997 62073.679999999964 -46505.419999999925 -11172.190000000004 16 X Y 200808180916A
-89.85831739963655 12.181528333815479 100.28138528138528 -2651.99 -886.5700000000014 3528.8500000000026 9682.38 -10729.38 -3471.709999999999 16 X Y 200808180916D
-88.64458334948695 13.991108344948625 19.444444444444443 -52.96000000000001 -250.56000000000006 303.61000000000007 -54.25999999999999 307.83000000000004 -922.06 16 X Y 200808180916A
-89.14458334948695 12.991108344948625 196.5 280.06999999999994 -139.35000000000002 -140.60999999999999 323.37999999999994 -326.33 96.33 16 X Y 200808180916D
-69.7467461020565 18.372244156357215 22.071428571428573 163.70000000000002 -46.54 -107.15 1377.73 -472.88 160.89000000000007 16 X Y 200808180916A
-70.2467461020565 17.372244156357215 92.79166666666667 954.91 -1106.3000000000002 151.49000000000004 -1315.4500000000005 120.45 206.53000000000011 16 X Y 200808180916D
-67.21882256716424 19.305653288760155 17.77777777777778 14.19 -164.01 148.83 -196.17999999999998 615.6100000000002 267.07000000000005 16 X Y 200808180916A
-67.71882256716424 18.305653288760155 40.0 1.73 -1.85 0.11999999999999998 -0.35999999999999993 1.5900000000000003 1.7199999999999998 16 X Y 200808180916D
-64.62710336309205 19.048392689545647 21.181818181818183 132.44 -55.21 -77.41000000000001 -265.76000000000005 160.86000000000007 233.24 16 X Y 200808180916A
-65.12710336309205 18.048392689545647 57.5 13.220000000000002 -7.53 -5.679999999999999 -2.06 16.029999999999998 20.08 16 X Y 200808180916D
-62.18852426874509 18.056895146571513 25.25925925925926 238.25999999999996 -86.08000000000001 -152.28999999999996 -239.49000000000004 418.76 109.20000000000002 16 X Y 200808180916A
-62.68852426874509 17.056895146571513 53.57142857142857 86.24 -17.019999999999996 -69.21999999999998 -27.149999999999995 55.78 35.24 16 X Y 200808180916D
-60.34008699007553 17.93661455674125 22.416666666666668 -92.17 -41.08 134.26 -99.71 209.5 -270.56 16 X Y 200808180916A
-69.50891537604045 10.766505803699774 22.1875 14.350000000000003 -103.21000000000002 88.97999999999999 57.789999999999985 -78.65 -462.5400000000002 16 X Y 200808180916A
