-85.09052600777473 17.227151647225426 20.25 -2627.95 -19832.320000000003 22460.97 -3031.6800000000007 7037.770000000002 31396.070000000003 16 X Y 200808180916A
-86.759227093664 15.691218641096363 14.454545454545455 -83.16 18.49 64.78 13.6 19.319999999999997 26.839999999999996 16 X Y 200808180916A
-82.55561451789657 6.16605363315168 19.122093023255815 -598.1600000000002 304.99 280.73 1778.89 1740.3199999999986 13361.599999999997 16 X Y 200808180916A
-81.92155006231083 12.797393501136108 14.235294117647058 -68.81999999999998 -127.26 196.19999999999996 -13.379999999999997 10.090000000000002 222.06 16 X Y 200808180916A
-77.67016478244659 19.577097310133993 16.77777777777778 -1240.88 -19595.619999999995 20836.58 5109.19 -2816.2499999999995 41872.52999999999 16 X Y 200808180916A
-72.74994968487644 14.716395937843616 19.0 -136.43000000000004 -70.68 207.10999999999999 -225.49000000000004 45.50000000000001 160.27000000000004 16 X Y 200808180916A
-71.39684145440228 19.91186877355176 23.09090909090909 232.76000000000005 -169.66000000000003 -63.0 -584.3499999999999 261.19 181.98000000000002 16 X Y 200808180916A
-72.82107350541658 18.482213329241386 13.0 5743.31 -8374.18 2630.9700000000003 -3189.84 -3544.2599999999998 7005.02 16 X Y 200808180916A
-66.94969911212416 18.23183262090195 21.96153846153846 -499.2400000000001 511.12 -11.839999999999984 -109.82 -165.52 443.79000000000025 16 X Y 200808180916A
-62.16092637903298 16.327057534641476 89.77272727272727 -5467.459999999999 10685.92 -5218.540000000001 -3698.57 14130.789999999999 4248.2300000000005 16 X Y 200808180916A
-59.607810857910515 14.652518442915289 20.0625 -408.8200000000001 -914.6400000000002 1323.5600000000002 154.84000000000003 37.03 259.44 16 X Y 200808180916A
-60.107810857910515 14.152518442915289 50.285714285714285 59.2 -15.33 -43.86 -12.68 30.28 27.789999999999996 16 X Y 200808180916D
-62.85911931879894 10.523324857999352 19.09090909090909 -568.0400000000002 660.71 -92.77000000000002 -61.660000000000025 1289.9399999999998 -2967.84 16 X Y 200808180916A
-63.35911931879894 10.023324857999352 95.14814814814815 6715.85 -5617.100000000001 -1096.53 6718.83 -1451.5400000000004 -4616.36 16 X Y 200808180916D
-60.0604751774371 10.802684775900197 21.789473684210527 -889.6499999999999 1015.7300000000002 -126.99 -154.1100000000001 788.3200000000002 80.44999999999999 16 X Y 200808180916A
-60.5604751774371 10.302684775900197 58.92857142857143 -1025.97 909.51 116.48000000000003 -187.73000000000005 -333.4 650.37 16 X Y 200808180916D
-80.3683614827235 7.406381450333737 15.066666666666666 -25.489999999999995 -22.44 47.83 20.32 -48.000000000000014 153.40999999999997 16 X Y 200808180916A
-78.01508116551409 6.3099947775539365 18.122448979591837 3339.3900000000003 2632.5800000000004 -5970.980000000004 2797.67 -4060.47 -8884.76 16 X Y 200808180916A
-77.33989813871635 8.641078294609777 34.4 221.45 -290.42 69.07000000000002 -226.58 322.28 187.91000000000003 16 X Y 200808180916A
-76.5471829476352 7.290522976989094 21.217391304347824 2556.8200000000006 -1855.2800000000009 -700.5199999999999 1085.05 3188.9000000000005 -5832.36 16 X Y 200808180916A
-84.02616806517491 8.858824465953603 22.76 39478.10000000001 -29409.19999999997 -10076.760000000002 46910.08 -18450.970000000012 20485.06 16 X Y 200808180916A
-88.33710672941535 11.095631889667644 15.773333333333333 14835.12 -10965.229999999996 -3971.0600000000027 35994.27 -22133.280000000002 3301.9399999999982 16 X Y 200808180916A
-83.30358287371013 10.030047742119372 19.4 25570.779999999988 -21351.33 -4119.53 -4580.74 16902.440000000002 13071.900000000001 16 X Y 200808180916A
-83.80358287371013 9.530047742119372 80.25 218.54 313.56999999999994 -533.02 586.7000000000002 295.89 -80.55000000000001 16 X Y 200808180916D
-91.80953949802839 12.906861060724344 14.591836734693878 81.4100000000001 -144.23000000000008 63.72000000000001 577.82 -273.72 -38.740000000000016 16 X Y 200808180916A
-92.30953949802839 12.406861060724344 71.66666666666667 -23.299999999999997 19.980000000000004 3.3299999999999987 14.240000000000002 -6.659999999999999 -13.220000000000002 16 X Y 200808180916D
-89.35831739963655 13.181528333815479 22.95615866388309 40216.939999999995 -32651.61000000003 -7555.630000000003 32426.199999999986 -21296.370000000003 16068.41000000001 16 X Y 200808180916A
-89.85831739963655 12.681528333815479 78.48387096774194 -58341.60999999997 38471.12999999997 19750.319999999985 39329.859999999986 -35938.42999999999 -30712.31000000001 16 X Y 200808180916D
-88.64458334948695 13.991108344948625 19.444444444444443 -52.96000000000001 -250.56000000000006 303.61000000000007 -54.25999999999999 307.83000000000004 -922.06 16 X Y 200808180916A
-89.14458334948695 13.491108344948625 196.5 280.06999999999994 -139.35000000000002 -140.60999999999999 323.37999999999994 -326.33 96.33 16 X Y 200808180916D
-69.7467461020565 18.372244156357215 66.73684210526316 1118.6099999999997 -1152.8400000000004 44.34000000000003 62.27999999999996 -352.43 367.42 16 X Y 200808180916A
-67.21882256716424 19.305653288760155 18.94736842105263 15.920000000000003 -165.86 148.95000000000002 -196.54000000000002 617.2000000000002 268.7900000000001 16 X Y 200808180916A
-64.62710336309205 19.048392689545647 26.76923076923077 145.66000000000003 -62.740000000000016 -83.08999999999999 -267.82000000000005 176.89000000000007 253.31999999999994 16 X Y 200808180916A
-62.18852426874509 18.056895146571513 34.926829268292686 324.4999999999999 -103.1 -221.51 -266.64 474.54 144.44 16 X Y 200808180916A
-60.34008699007553 17.93661455674125 22.416666666666668 -92.17 -41.08 134.26 -99.71 209.5 -270.56 16 X Y 200808180916A
-69.50891537604045 10.766505803699774 22.1875 14.350000000000003 -103.21000000000002 88.97999999999999 57.789999999999985 -78.65 -462.5400000000002 16 X Y 200808180916A
