-85.0905260077747 17.2271516472254 4.763650919139506e-08 0.0 28.6363
-86.759227093664 15.6912186410963 5.919628831860699e-10 0.0 25.0882
-82.5556145178965 6.16605363315168 3.5035811315361245e-08 0.0 -134.9854
-81.9215500623108 12.7973935011361 1.5659309200060636e-09 0.0 26.9958
-77.6701647824465 19.5770973101339 6.24325585364502e-08 0.0 32.0844
-72.7499496848764 14.7163959378436 3.752000465486779e-11 0.0 19.954
-71.3968414544022 19.9118687735517 8.300429178877566e-10 0.0 30.0661
-72.8210735054165 18.4822133292413 8.809800105675542e-08 0.0 24.7506
-66.9496991121241 18.2318326209019 6.9775129469812366e-09 0.0 -97.8153
-67.9496991121241 17.2318326209019 1.878355675560522e-10 0.0 158.7395
-62.1609263790329 16.3270575346414 3.6298600630521984e-09 0.0 101.9614
-63.1609263790329 15.3270575346414 6.7518584051808565e-09 0.0 -104.8431
-59.6078108579105 14.6525184429152 2.12849139522549e-09 0.0 6.1781
-60.6078108579105 13.6525184429152 7.394725668151101e-11 0.0 -120.3942
-62.8591193187989 10.5233248579993 6.240516506412834e-09 0.0 -51.7838
-63.8591193187989 9.52332485799935 3.0900187621263955e-09 0.0 -24.3864
-60.0604751774371 10.8026847759001 1.2767077735153183e-09 0.0 82.2918
-61.0604751774371 9.80268477590019 2.9841389014750873e-09 0.0 -88.4903
-80.3683614827235 7.40638145033373 1.558888021367288e-09 0.0 40.0339
-78.015081165514 6.30999477755393 2.4145816509558607e-08 0.0 -59.7101
-77.3398981387163 8.64107829460977 6.001402446909747e-10 0.0 31.5101
-76.5471829476352 7.29052297698909 2.0892713432804638e-08 0.0 -44.2996
-84.0261680651749 8.8588244659536 2.677653697053528e-08 0.0 28.6031
-85.0261680651749 7.8588244659536 7.878179980761621e-11 0.0 -161.0076
-88.3371067294153 11.0956318896676 8.10667044857999e-08 0.0 29.2539
-83.3035828737101 10.0300477421193 3.745708372753956e-08 0.0 33.2491
-84.3035828737101 9.03004774211937 1.477383770492597e-09 0.0 -68.3142
-91.8095394980283 12.9068610607243 2.42475567407027e-09 0.0 15.7675
-92.8095394980283 11.9068610607243 2.6940625584500967e-11 0.0 -152.0898
-89.3583173996365 13.1815283338154 1.701611680514728e-08 0.0 -146.2584
-90.3583173996365 12.1815283338154 1.5131877285793029e-09 0.0 38.8632
-88.6445833494869 13.9911083449486 4.6748193449668525e-09 0.0 -37.9667
-89.6445833494869 12.9911083449486 2.4285095662329254e-10 0.0 -134.7702
-69.7467461020565 18.3722441563572 1.559316251889668e-09 0.0 -155.3818
-70.7467461020565 17.3722441563572 4.234800212297625e-10 0.0 7.8351
-67.2188225671642 19.3056532887601 2.2197263281906675e-09 0.0 49.8519
-68.2188225671642 18.3056532887601 1.644355756079747e-06 0.0 34.0658
-64.627103363092 19.0483926895456 4.1460518213488183e-10 0.0 -137.5177
-65.627103363092 18.0483926895456 8.241115375577973e-11 0.0 47.6925
-62.188524268745 18.0568951465715 4.0632256844957244e-10 0.0 -122.6927
-63.188524268745 17.0568951465715 3.918579439042439e-11 0.0 -116.5924
-60.3400869900755 17.9366145567412 6.974296563809516e-10 0.0 -47.5825
-69.5089153760404 10.7665058036997 9.55413582786806e-10 0.0 -39.1905
