-85.0905260077747 17.2271516472254 20.25 4.794696845126595e-08 -4.535949222848465e-08 99.7964
-86.759227093664 15.6912186410963 14.454545454545455 5.979222267725921e-10 -6.446048904819542e-10 171.5086
-82.5556145178965 6.16605363315168 19.122093023255815 3.5535993368909195e-08 -3.299217965518266e-08 90.1224
-81.9215500623108 12.7973935011361 14.235294117647058 1.5659770956928787e-09 -1.2246859723128159e-09 95.449
-77.6701647824465 19.5770973101339 16.77777777777778 6.243404145991157e-08 -6.177725679424223e-08 82.6864
-72.7499496848764 14.7163959378436 19.0 3.804692609202628e-11 -4.820106880631773e-11 134.7028
-71.3968414544022 19.9118687735517 23.09090909090909 1.4697015903414267e-09 -1.595786872653984e-09 123.6331
-72.8210735054165 18.4822133292413 13.0 1.2305470201317074e-07 -1.3912623708714437e-07 94.5825
-66.9496991121241 18.2318326209019 15.083333333333334 7.087102011432102e-09 -4.8414580881825675e-09 153.3129
-67.9496991121241 17.2318326209019 104.5 1.9836723149252716e-10 -1.81204258172711e-10 147.7189
-62.1609263790329 16.3270575346414 14.555555555555555 3.640922854556765e-09 -2.4020933589902284e-09 171.6993
-63.1609263790329 15.3270575346414 141.84615384615384 6.7641904775951536e-09 -1.2151407800086665e-08 46.1927
-59.6078108579105 14.6525184429152 20.0625 2.1295144653089077e-09 -1.5455499759721828e-09 75.3724
-60.6078108579105 13.6525184429152 50.285714285714285 2.9045224654306117e-10 -2.9603958123266055e-10 75.7673
-62.8591193187989 10.5233248579993 19.09090909090909 6.403043597818935e-09 -5.644424895210675e-09 68.7003
-63.8591193187989 9.52332485799935 95.14814814814815 5.992840136165512e-09 -5.729863001417335e-09 71.8545
-60.0604751774371 10.8026847759001 21.789473684210527 1.2800008467203107e-09 -1.7380209250140026e-09 147.7047
-61.0604751774371 9.80268477590019 58.92857142857143 3.0135737639142623e-09 -2.5469145710313777e-09 165.059
-80.3683614827235 7.40638145033373 15.066666666666666 1.5718872493308144e-09 -1.4553749646544434e-09 71.0141
-78.015081165514 6.30999477755393 18.122448979591837 2.8248180724138377e-08 -3.045602997568997e-08 97.8732
-77.3398981387163 8.64107829460977 34.4 1.0120597747270735e-09 -1.1187256751166885e-09 115.60849999999999
-76.5471829476352 7.29052297698909 21.217391304347824 2.504854137163798e-08 -3.5206096931049605e-08 74.0873
-84.0261680651749 8.8588244659536 22.289017341040463 6.079315030868535e-08 -6.273108177207858e-08 64.6195
-85.0261680651749 7.8588244659536 63.5 8.316783304051305e-11 -9.553604795870097e-11 145.5962
-88.3371067294153 11.0956318896676 15.773333333333333 1.3717525157734763e-07 -1.2873010013473574e-07 53.8493
-83.3035828737101 10.0300477421193 20.423076923076923 8.92295947040949e-08 -8.369305113240992e-08 102.9978
-84.3035828737101 9.03004774211937 85.14285714285714 2.048581347337779e-09 -1.6860324043836386e-09 62.82
-91.8095394980283 12.9068610607243 15.3 3.5325308454325e-09 -3.456646322991493e-09 48.1461
-92.8095394980283 11.9068610607243 82.5 2.7097699130344066e-11 -3.184362184487686e-11 135.1946
-89.3583173996365 13.1815283338154 29.892473118279568 2.184016655754296e-08 -2.1112190529577534e-08 141.0317
-90.3583173996365 12.1815283338154 100.28138528138528 1.901800390194256e-09 -1.6262154541239892e-09 38.2086
-88.6445833494869 13.9911083449486 19.444444444444443 4.822363239109186e-09 -4.362348270980209e-09 80.8085
-89.6445833494869 12.9911083449486 196.5 4.808822587269851e-10 -4.4254492501817013e-10 120.3321
-69.7467461020565 18.3722441563572 22.071428571428573 2.3219663146161657e-09 -2.3057205951691556e-09 131.6299
-70.7467461020565 17.3722441563572 92.79166666666667 9.68826060505928e-10 -1.0785149327719028e-09 115.7878
-67.2188225671642 19.3056532887601 17.77777777777778 2.9151651643333506e-09 -2.9951448157309875e-09 128.8888
-68.2188225671642 18.3056532887601 40.0 2.7698391984529795e-06 -3.0886439675056887e-06 103.77420000000001
-64.627103363092 19.0483926895456 21.181818181818183 7.110910880629511e-10 -1.010657831841675e-09 62.6102
-65.627103363092 18.0483926895456 57.5 1.2272918528069646e-10 -1.4896557314083192e-10 106.8433
-62.188524268745 18.0568951465715 25.25925925925926 7.6429692576578e-10 -7.536213970291998e-10 58.0133
-63.188524268745 17.0568951465715 53.57142857142857 1.2811266787468617e-10 -1.289902907527886e-10 72.1937
-60.3400869900755 17.9366145567412 22.416666666666668 7.614206749351329e-10 -4.6006555775997124e-10 62.544399999999996
-69.5089153760404 10.7665058036997 22.1875 9.75652804310493e-10 -9.63809856265411e-10 90.5694
