-85.0905260077747 17.2271516472254 0.0 -4.469808692555811e-08 28.6363
-86.759227093664 15.6912186410963 0.0 -9.518297685248477e-11 25.0882
-82.5556145178965 6.16605363315168 0.0 -3.299210437192243e-08 -134.9854
-81.9215500623108 12.7973935011361 0.0 -1.2191517609738702e-09 26.9958
-77.6701647824465 19.5770973101339 0.0 -6.127465272346016e-08 32.0844
-72.7499496848764 14.7163959378436 0.0 -3.425963742633522e-11 19.954
-71.3968414544022 19.9118687735517 0.0 -1.3286543926283917e-09 30.0661
-72.8210735054165 18.4822133292413 0.0 -1.386814960472398e-07 24.7506
-66.9496991121241 18.2318326209019 0.0 -2.1743852325097884e-09 -97.8153
-67.9496991121241 17.2318326209019 0.0 -9.677639167855522e-11 158.7395
-62.1609263790329 16.3270575346414 0.0 -3.4678611144646994e-10 101.9614
-63.1609263790329 15.3270575346414 0.0 -8.769331218853374e-09 -104.8431
-59.6078108579105 14.6525184429152 0.0 -1.4954550439537314e-09 6.1781
-60.6078108579105 13.6525184429152 0.0 -2.8695270239559385e-10 -120.3942
-62.8591193187989 10.5233248579993 0.0 -5.25887189513877e-09 -51.7838
-63.8591193187989 9.52332485799935 0.0 -5.44490955766722e-09 -24.3864
-60.0604751774371 10.8026847759001 0.0 -9.285950518895494e-10 82.2918
-61.0604751774371 9.80268477590019 0.0 -6.566563428647494e-10 -88.4903
-80.3683614827235 7.40638145033373 0.0 -1.3762006258327623e-09 40.0339
-78.015081165514 6.30999477755393 0.0 -3.016894060467272e-08 -59.7101
-77.3398981387163 8.64107829460977 0.0 -1.0088314791719325e-09 31.5101
-76.5471829476352 7.29052297698909 0.0 -3.3857019047125663e-08 -44.2996
-84.0261680651749 8.8588244659536 0.0 -5.6676354541365754e-08 28.6031
-85.0261680651749 7.8588244659536 0.0 -5.39799426920062e-11 -161.0076
-88.3371067294153 11.0956318896676 0.0 -1.039454620383864e-07 29.2539
-83.3035828737101 10.0300477421193 0.0 -8.154872649260923e-08 33.2491
-84.3035828737101 9.03004774211937 0.0 -1.4998537537318515e-09 -68.3142
-91.8095394980283 12.9068610607243 0.0 -2.574678316704997e-09 15.7675
-92.8095394980283 11.9068610607243 0.0 -2.2440234778448793e-11 -152.0898
-89.3583173996365 13.1815283338154 0.0 -1.3277252336021793e-08 -146.2584
-90.3583173996365 12.1815283338154 0.0 -1.0058570996995804e-09 38.8632
-88.6445833494869 13.9911083449486 0.0 -4.306335601667098e-09 -37.9667
-89.6445833494869 12.9911083449486 0.0 -3.819661686341064e-10 -134.7702
-69.7467461020565 18.3722441563572 0.0 -1.7234143555023594e-09 -155.3818
-70.7467461020565 17.3722441563572 0.0 -9.711071673100667e-10 7.8351
-67.2188225671642 19.3056532887601 0.0 -2.3313185479351567e-09 49.8519
-68.2188225671642 18.3056532887601 0.0 -2.999819483690143e-06 34.0658
-64.627103363092 19.0483926895456 0.0 -8.973603575716217e-10 -137.5177
-65.627103363092 18.0483926895456 0.0 -1.4257506846318667e-10 47.6925
-62.188524268745 18.0568951465715 0.0 -6.391998763584828e-10 -122.6927
-63.188524268745 17.0568951465715 0.0 -1.228111107169028e-10 -116.5924
-60.3400869900755 17.9366145567412 0.0 -4.0824763232023485e-10 -47.5825
-69.5089153760404 10.7665058036997 0.0 -9.63762262786199e-10 -39.1905
