-85.09052600777474 17.227151647225426 2.772101716739571e-07 -2.6010873423905126e-07 28.6363
-86.759227093664 15.691218641096366 5.590760563423993e-10 -8.989503369401339e-11 132.7607
-82.55561451789657 6.16605363315168 -6.127130867001246e-08 2.309691360888157e-09 0.1224
-81.92155006231083 12.797393501136108 2.1722237393722434e-09 -1.691179580945155e-09 26.9958
-77.67016478244659 19.577097310133997 3.310285415272102e-07 -3.2488911874068147e-07 32.0844
-72.74994968487644 14.716395937843616 2.003055426874246e-09 -1.8289963794197355e-09 19.954
-71.39684145440228 19.911868773551763 2.6462838118469974e-09 -4.235921462590408e-09 30.0661
-72.82107350541658 18.48221332924139 5.287274165433218e-08 -8.323084320628565e-08 24.7506
-66.94969911212415 18.23183262090195 5.4928257751185485e-09 -1.2470984205894123e-09 -96.394
-62.16092637903297 16.327057534641476 8.254214504160587e-08 -1.0318033344651669e-07 -104.3254
-59.60781085791053 14.652518442915287 9.266732123979056e-09 -6.839276197039753e-09 6.8521
-62.85911931879893 10.52332485799935 4.510466161140811e-08 -8.35931098021631e-08 -33.8798
-60.060475177437105 10.802684775900195 1.5287627558806943e-08 -4.185185430666486e-09 63.3406
-80.3683614827235 7.406381450333737 1.2074077042493444e-09 -1.0659105820608204e-09 40.0339
-78.0150811655141 6.3099947775539365 6.578466600996754e-08 -8.219451517687454e-08 -59.7101
-77.33989813871635 8.641078294609779 2.0087530588245905e-09 -3.376699592390511e-09 31.5101
-76.5471829476352 7.290522976989094 3.326553757802601e-08 -5.3907403794841127e-08 -44.2996
-84.0261680651749 8.858824465953601 1.9806304986273322e-07 -4.1847991155438245e-07 28.6028
-88.33710672941534 11.095631889667645 1.900406697373115e-07 -2.4367421060503874e-07 29.2539
-83.30358287371013 10.030047742119374 9.926980401084008e-08 -2.1169916905825506e-07 34.0234
-91.80953949802841 12.906861060724347 2.9985604029065085e-09 -3.627301816507017e-09 19.4137
-89.35831739963656 13.181528333815479 5.211013647549438e-07 -3.7944831085893454e-07 -148.1649
-88.64458334948696 13.991108344948625 5.441245494555001e-09 -7.060981784686549e-09 -34.807
-69.7467461020565 18.372244156357212 2.516225441795436e-09 -8.881715948633345e-09 166495.0
-67.21882256716424 19.30565328876016 3.7919381241459235e-09 -3.987558213114363e-09 49.7717
-64.62710336309205 19.048392689545647 1.2920348210537215e-09 -3.0382743482924294e-09 -136.9098
-62.1885242687451 18.056895146571513 2.2196877991796394e-09 -3.833974009947746e-09 -121.5981
-60.340086990075534 17.93661455674125 2.773197918125871e-09 -1.6233199630557224e-09 -47.5825
-69.50891537604045 10.766505803699772 3.339877430808237e-09 -3.3690622450178914e-09 -39.1905
