-116,012 30,467
-112,591 27,47
-114,655 30,227
-113,05	27,633
-112,552 27,554
-112,392 27,508
-111,444 26,517
-111,47	26,28
-109,52	29,63
-104,42	27,75
-100,08	22,83
-100,7 22,35
-104,97	21,47
-104,729 21,531
-104,571 21,371
-104,7	21,27
-104,73	21,17
-104,82	20,83
-104,5	20,33
-104,5	20,75
-103,847	20,788
-103,4	20,88
-103,52	20,62
-103,242	20,525
-103,57	20,45
-103,63	19,72
-100,63	19,85
-98,713	19,411
-98,72	19,37
-98,2	19,97
-97,93	19,62
-97,83	20,42
-94,73	18,303
-92,786	16,716
-92,694	16,743
-92,539	16,447
-98,02	23,2
-99,38	22,58
-98,5	19,75
-91,479	14,71
-91,398	14,889
-90,78	14,55
-90,505	14,199
-90,4	14,25
-90,286	14,161
-90,12	14,42
-90,144	14,647
-89,733	14,5
-91,62	14,82
-91,267	14,656
-89,993	14,694
-89,93	14,9
-89,62	14,27
-87,845	13,275
-87,767	13,229
-86,888	16,113
-89,4	14,2
-89,4	14,07
-89,13	14,05
-88,2	13,75
-88,15	13,25
-87,999	13,435
-87,82	13,67
-87,761	13,295
-88,364	13,559
-87,72	13,19
-87,15	13,92
-87,23	13,95
-87,18	14
-87,27	14,1
-87,87	14,6
-85,515	11,446
-83,968	12,549
-86,6	12,58
-86,03	11,92
-86,02	12,37
-84,08	10,97
-85,07	10,472
-84,978	10,451
-84,675	10,403
-84,67	10,35
-84,708	10,022
-84,35	10,97
-83,855	10,462
-83,721	10,658
-83,53	10,586
-83,545	10,376
-83,302	9,374
-87,082	5,53
-82,67	8,88
-80,82	8,47
-74,961	5,65
-75,043	5,514
-76,827	1,624
-75,458	4,8
-75,386	4,701
-76,03	2,2
-76,23	1,92
-76,45	1,83
-76,857	1,568
-78,329	0,484
-78,365	0,526
-78,351	0,364
-78,154	0,127
-77,784	0,711
-78,021	0,687
-78,007	0,621
-78,207	-0,076
-78,48	-0,036
-78,2	-0,174
-78,418	-0,259
-78,478	-0,462
-77,72	-0,43
-78,371	-0,534
-78,504	-0,578
-78,658	-0,528
-78,631	-0,648
-78,56	-0,962
-78,666	-1,151
-78,572	-1,381
-77,917	-1,459
-78,75	-1,404
-78,639	-1,49
-78,728	-1,634
-78,42	-1,67
-78,3	-0,804
-92	1,62
-91,8	1,37
-90,708	-0,413
-90,68	-0,6
-90,07	-0,806
-90,45	-1,3
-91,63	0,27
-71,72	-13,58
-72,63	-15,23
-72,9	-15,4
-69,9	-17,32
-68,18	-21,3
-68,071	-21,981
-97,662	-23,52
-69,13	-27,3
-69,48	-17,87
-68,92	-17,92
-69,471	-16,236
-69,03	-18,05
-68,88	-18,1
-69,08	-18,02
-69,22	-18,07
-69,307	-18,241
-69,05	-18,37
-69,05	-18,75
-68,3	-18,8
-69,12	-19,5
-68,68	-19,55
-68,73	-19,958
-68,68	-20,52
-68,439	-20,643
-68,47	-21,22
-67,75	-21,25
-68,12	-21,5
-68,12	-21,68
-66,88	-21,6
-67,47	-21,68
-67,9	-21,88
-67,97	-22,05
-68,228	-22,059
-68,108	-22,142
-67,97	-22,27
-67,95	-22,18
-67,77	-22,08
-67,42	-22,25
-67,23	-21,98
-67,18	-22,27
-68,02	-22,42
-67,97	-22,33
-67,888	-22,439
-67,18	-22,82
-67,05	-23,02
-67,07	-23,17
-67,37	-23,13
-67,67	-23,2
-67,75	-23,23
-67,71	-23,252
-67,582	-23,398
-67,81	-23,46
-67,764	-23,555
-67,72	-23,67
-67,5	-23,818
-67,53	-24,03
-67,85	-24,02
-68,4	-24,45
-68,63	-25,25
-68,88	-25,37
-68,75	-26,4
-68,263	-26,919
-68,8	-27,08
-69	-27,27
-66,732	-24,309
-66,5	-24,2
-66,17	-24,75
-67,92	-25,55
-66,92	-25,93
-68,37	-26,18
-68,8	-27,9
-80,112	-26,294
-78,85	-33,658
-76,87	-33,427
-105,47	-26,47
-80,811	-33,763
-70,432	-36,638
-69,834	-36,739
-71,943	-40,768
-69,77	-33,359
-69,83	-33,52
-69	-34,67
-69,25	-35,75
-70,48	-35,78
-70,456	-34,987
-68,489	-35,58
-68,924	-37,738
-71,58	-38,58
-70,814	-38,679
-71,4	-39,17
-71,55	-39,35
-72,008	-39,68
-72,005	-41,363
-72,708	-46,17